Check term: 0
5000 5000 0.0
12902 7902 0.0
23075 10173 0.0
35630 12555 0.0
50088 14458 0.0
67029 16941 0.0
85564 18535 0.0
106312 20748 0.0
cell_counter 2715.2000
go_explore_return 0.0000
traj_length 500.0000
Check term: 106312
111312 5000 0.0
119971 8659 0.0
131049 11078 0.0
144272 13223 0.0
159443 15171 0.0
177362 17919 0.0
196585 19223 0.0
217777 21192 0.0
cell_counter 2944.8000
go_explore_return 0.0000
traj_length 500.0000
Check term: 217777
222777 5000 0.0
229877 7100 0.0
240690 10813 0.0
253116 12426 0.0
268513 15397 0.0
286513 18000 0.0
306378 19865 0.0
327906 21528 0.0
cell_counter 3014.0000
go_explore_return 0.0000
traj_length 500.0000
Check term: 327906
332906 5000 0.0
340498 7592 0.0
350567 10069 0.0
363128 12561 0.0
378874 15746 0.0
