Check term: 0
1000 1000 0.0
3000 2000 0.0
6000 3000 0.0
10000 4000 0.0
15000 5000 0.0
21000 6000 0.0
28000 7000 0.0
36000 8000 0.0
45000 9000 0.0
55000 10000 0.0
66000 11000 0.0
78000 12000 0.0
91000 13000 0.0
105000 14000 0.0
120000 15000 0.0
136000 16000 0.0
153000 17000 0.0
171000 18000 0.0
190000 19000 0.0
210000 20000 0.0
cell_counter 4426.2000
go_explore_return 0.0000
traj_length 205.8000
Check term: 210000
211000 1000 0.0
213000 2000 0.0
216000 3000 0.0
220000 4000 0.0
225000 5000 0.0
231000 6000 0.0
238000 7000 0.0
246000 8000 0.0
255000 9000 0.0
265000 10000 0.0
276000 11000 0.0
288000 12000 0.0
301000 13000 0.0
315000 14000 0.0
330000 15000 0.0
346000 16000 0.0
362999 16999 0.0
380998 17999 0.0
399997 18999 0.0
419996 19999 0.0
440995 20999 0.0
cell_counter 4586.4000
go_explore_return 0.0000
traj_length 214.0000
Check term: 440995
441995 1000 0.0
443995 2000 0.0
446995 3000 0.0
450995 4000 0.0
455995 5000 0.0
461995 6000 0.0
468995 7000 0.0
476995 8000 0.0
485995 9000 0.0
495995 10000 0.0
506995 11000 0.0
518995 12000 0.0
531995 13000 0.0
545995 14000 0.0
560995 15000 0.0
576995 16000 0.0
593995 17000 0.0
611995 18000 0.0
630995 19000 0.0
650995 20000 0.0
cell_counter 4443.0000
go_explore_return 0.0000
traj_length 206.6000
Check term: 650995
651995 1000 0.0
653995 2000 0.0
656995 3000 0.0
660995 4000 0.0
665995 5000 0.0
671995 6000 0.0
678995 7000 0.0
686995 8000 0.0
695995 9000 0.0
705995 10000 0.0
716995 11000 0.0
728995 12000 0.0
741995 13000 0.0
755995 14000 0.0
770995 15000 0.0
786995 16000 0.0
803995 17000 0.0
821995 18000 0.0
840995 19000 0.0
860995 20000 0.0
cell_counter 4126.0000
go_explore_return 0.0000
traj_length 252.2000
Check term: 860995
861995 1000 0.0
863995 2000 0.0
866995 3000 0.0
870995 4000 0.0
875995 5000 0.0
881995 6000 0.0
888995 7000 0.0
896995 8000 0.0
905995 9000 0.0
915995 10000 0.0
926995 11000 0.0
938995 12000 0.0
951995 13000 0.0
965995 14000 0.0
980995 15000 0.0
996995 16000 0.0
1013995 17000 0.0
1031995 18000 0.0
1050995 19000 0.0
1070995 20000 0.0
cell_counter 4490.0000
go_explore_return 0.0000
traj_length 191.8000
Check term: 1070995
1071995 1000 0.0
1073995 2000 0.0
1076995 3000 0.0
1080995 4000 0.0
1085995 5000 0.0
1091995 6000 0.0
1098995 7000 0.0
1106995 8000 0.0
1115995 9000 0.0
1125995 10000 0.0
1136995 11000 0.0
1148995 12000 0.0
1161995 13000 0.0
1175995 14000 0.0
1190995 15000 0.0
1206995 16000 0.0
1223995 17000 0.0
1241995 18000 0.0
1260995 19000 0.0
1280995 20000 0.0
cell_counter 4438.4000
go_explore_return 0.0000
traj_length 277.6000
Check term: 1280995
1281995 1000 0.0
1283995 2000 0.0
1286995 3000 0.0
1290995 4000 0.0
1295995 5000 0.0
1301995 6000 0.0
1308995 7000 0.0
1316995 8000 0.0
1325995 9000 0.0
1335995 10000 0.0
1346995 11000 0.0
1358995 12000 0.0
1371995 13000 0.0
1385995 14000 0.0
1400995 15000 0.0
1416995 16000 0.0
1433995 17000 0.0
1451995 18000 0.0
1470995 19000 0.0
1490995 20000 1.0
cell_counter 4429.0000
go_explore_return 0.2000
traj_length 274.0000
Exiting Main
Stopping all threads
Thread Thread-19 is alive! Is daemon: False
Thread joined
Exiting script
