Check term: 0
5000 5000 0.0
12694 7694 0.0
22386 9692 0.0
33931 11545 0.0
46845 12914 0.0
61621 14776 0.0
78265 16644 0.0
96623 18358 0.0
116900 20277 0.0
cell_counter 4546.4000
go_explore_return 0.0000
traj_length 500.0000
Check term: 116900
121900 5000 0.0
129014 7114 0.0
138909 9895 0.0
150959 12050 0.0
165261 14302 0.0
181823 16562 0.0
200396 18573 0.0
220835 20439 0.0
cell_counter 4521.6000
go_explore_return 0.0000
traj_length 500.0000
Check term: 220835
225835 5000 1.0
233972 8137 1.0
244892 10920 1.0
257821 12929 1.0
272979 15158 1.0
289883 16904 1.0
308588 18705 1.0
329324 20736 1.0
cell_counter 4485.8000
go_explore_return 1.0000
traj_length 500.0000
Check term: 329324
334324 5000 0.0
341908 7584 0.0
351136 9228 0.0
362164 11028 0.0
375079 12915 0.0
389442 14363 0.0
405691 16249 0.0
423866 18175 0.0
443801 19935 0.0
465710 21909 0.0
cell_counter 4813.2000
go_explore_return 0.0000
traj_length 500.0000
Check term: 465710
