Check term: 0
[2.5 0. ] [1. 0.]
<runners.go_exploration.Cell object at 0x0000025C921F9C08>
<runners.go_exploration.Cell object at 0x0000025C921F9C08>
<runners.go_exploration.Cell object at 0x0000025C921F9C08>
<runners.go_exploration.Cell object at 0x0000025C921F9C08>
<runners.go_exploration.Cell object at 0x0000025C921F9C08>
2500 2500 0.0
[1.70412415 0.         1.70412415 1.70412415 1.70412415 1.70412415
 1.61833771 1.70412415 1.61833771 1.70412415 1.70412415 1.70412415
 1.70412415 1.70412415 1.70412415 1.70412415 1.70412415] [0.06289578 0.         0.06289578 0.06289578 0.06289578 0.06289578
 0.05972957 0.06289578 0.05972957 0.06289578 0.06289578 0.06289578
 0.06289578 0.06289578 0.06289578 0.06289578 0.06289578]
<runners.go_exploration.Cell object at 0x0000025C9906A848>
<runners.go_exploration.Cell object at 0x0000025C9906AE48>
<runners.go_exploration.Cell object at 0x0000025C9906A788>
<runners.go_exploration.Cell object at 0x0000025C9906AC88>
<runners.go_exploration.Cell object at 0x0000025C990A46C8>
6572 4072 0.0
[1.70412415 0.         1.70412415 1.70412415 1.70412415 1.57014955
 1.61833771 1.70412415 1.61833771 1.70412415 1.70412415 1.70412415
 1.70412415 1.70412415 1.70412415 1.70412415 1.61833771 1.70412415
 1.70412415 1.70412415 1.70412415 1.70412415 1.70412415 1.70412415
 1.70412415] [0.0420692  0.         0.0420692  0.0420692  0.0420692  0.03876181
 0.03995141 0.0420692  0.03995141 0.0420692  0.0420692  0.0420692
 0.0420692  0.0420692  0.0420692  0.0420692  0.03995141 0.0420692
 0.0420692  0.0420692  0.0420692  0.0420692  0.0420692  0.0420692
 0.0420692 ]
<runners.go_exploration.Cell object at 0x0000025C9906A788>
<runners.go_exploration.Cell object at 0x0000025C976E5888>
<runners.go_exploration.Cell object at 0x0000025C9906A448>
<runners.go_exploration.Cell object at 0x0000025C976E5708>
<runners.go_exploration.Cell object at 0x0000025C9906AE48>
12170 5598 0.0
[1.70412415 0.         1.70412415 1.70412415 1.70412415 1.47841603
 1.61833771 1.70412415 1.61833771 1.70412415 1.70412415 1.70412415
 1.70412415 1.70412415 1.70412415 1.70412415 1.70412415 1.61833771
 1.70412415 1.70412415 1.70412415 1.70412415 1.70412415 1.53745748
 1.61833771 1.70412415 1.70412415 1.70412415 1.70412415 1.70412415
 1.70412415 1.70412415 1.70412415 1.70412415 1.70412415 1.70412415
 1.70412415] [0.02811485 0.         0.02811485 0.02811485 0.02811485 0.02439109
 0.02669954 0.02811485 0.02669954 0.02811485 0.02811485 0.02811485
 0.02811485 0.02811485 0.02811485 0.02811485 0.02811485 0.02669954
 0.02811485 0.02811485 0.02811485 0.02811485 0.02811485 0.02536517
 0.02669954 0.02811485 0.02811485 0.02811485 0.02811485 0.02811485
 0.02811485 0.02811485 0.02811485 0.02811485 0.02811485 0.02811485
 0.02811485]
<runners.go_exploration.Cell object at 0x0000025C976E5608>
<runners.go_exploration.Cell object at 0x0000025C9906A3C8>
<runners.go_exploration.Cell object at 0x0000025C976E5448>
<runners.go_exploration.Cell object at 0x0000025C921F9C08>
<runners.go_exploration.Cell object at 0x0000025C9564A988>
18977 6807 0.0
[1.68898224 0.         1.68898224 1.68898224 1.68898224 1.45018611
 1.6031958  1.68898224 1.6031958  1.68898224 1.68898224 1.68898224
 1.68898224 1.68898224 1.68898224 1.68898224 1.68898224 1.6031958
 1.68898224 1.68898224 1.68898224 1.68898224 1.68898224 1.52231557
 1.55500764 1.68898224 1.68898224 1.68898224 1.68898224 1.68898224
 1.68898224 1.68898224 1.68898224 1.68898224 1.68898224 1.6031958
 1.55500764 1.68898224 1.68898224 1.68898224 1.68898224 1.68898224
 1.68898224 1.68898224 1.68898224 1.68898224] [0.02252347 0.         0.02252347 0.02252347 0.02252347 0.019339
 0.02137947 0.02252347 0.02137947 0.02252347 0.02252347 0.02252347
 0.02252347 0.02252347 0.02252347 0.02252347 0.02252347 0.02137947
 0.02252347 0.02252347 0.02252347 0.02252347 0.02252347 0.02030089
 0.02073685 0.02252347 0.02252347 0.02252347 0.02252347 0.02252347
 0.02252347 0.02252347 0.02252347 0.02252347 0.02252347 0.02137947
 0.02073685 0.02252347 0.02252347 0.02252347 0.02252347 0.02252347
 0.02252347 0.02252347 0.02252347 0.02252347]
<runners.go_exploration.Cell object at 0x0000025C97A7CA08>
<runners.go_exploration.Cell object at 0x0000025C976E5D08>
<runners.go_exploration.Cell object at 0x0000025C97A7C388>
<runners.go_exploration.Cell object at 0x0000025C9906A348>
<runners.go_exploration.Cell object at 0x0000025C9906A448>
26982 8005 0.0
[1.68898224 0.         1.68898224 1.68898224 1.68898224 1.45018611
 1.6031958  1.68898224 1.6031958  1.68898224 1.68898224 1.68898224
 1.68898224 1.68898224 1.68898224 1.68898224 1.68898224 1.6031958
 1.68898224 1.68898224 1.68898224 1.68898224 1.68898224 1.52231557
 1.55500764 1.68898224 1.68898224 1.68898224 1.68898224 1.68898224
 1.68898224 1.68898224 1.68898224 1.68898224 1.68898224 1.6031958
 1.6031958  1.68898224 1.68898224 1.68898224 1.68898224 1.68898224
 1.68898224 1.68898224 1.68898224 1.68898224 1.6031958  1.68898224
 1.68898224 1.68898224 1.68898224 1.68898224 1.68898224 1.68898224
 1.68898224 1.68898224] [0.01839051 0.         0.01839051 0.01839051 0.01839051 0.01579038
 0.01745643 0.01839051 0.01745643 0.01839051 0.01839051 0.01839051
 0.01839051 0.01839051 0.01839051 0.01839051 0.01839051 0.01745643
 0.01839051 0.01839051 0.01839051 0.01839051 0.01839051 0.01657576
 0.01693173 0.01839051 0.01839051 0.01839051 0.01839051 0.01839051
 0.01839051 0.01839051 0.01839051 0.01839051 0.01839051 0.01745643
 0.01745643 0.01839051 0.01839051 0.01839051 0.01839051 0.01839051
 0.01839051 0.01839051 0.01839051 0.01839051 0.01745643 0.01839051
 0.01839051 0.01839051 0.01839051 0.01839051 0.01839051 0.01839051
 0.01839051 0.01839051]
<runners.go_exploration.Cell object at 0x0000025C97A7C808>
<runners.go_exploration.Cell object at 0x0000025C8CB9FF08>
<runners.go_exploration.Cell object at 0x0000025C9906A348>
<runners.go_exploration.Cell object at 0x0000025C95697F48>
<runners.go_exploration.Cell object at 0x0000025C9906A0C8>
36661 9679 0.0
[1.68898224 0.         1.68898224 1.68898224 1.68898224 1.41299147
 1.6031958  1.68898224 1.6031958  1.68898224 1.68898224 1.68898224
 1.68898224 1.68898224 1.68898224 1.68898224 1.68898224 1.55500764
 1.68898224 1.68898224 1.68898224 1.68898224 1.68898224 1.52231557
 1.55500764 1.68898224 1.68898224 1.68898224 1.68898224 1.68898224
 1.68898224 1.68898224 1.68898224 1.6031958  1.68898224 1.6031958
 1.6031958  1.68898224 1.68898224 1.68898224 1.68898224 1.68898224
 1.68898224 1.68898224 1.68898224 1.68898224 1.6031958  1.68898224
 1.68898224 1.68898224 1.68898224 1.68898224 1.68898224 1.68898224
 1.68898224 1.68898224 1.68898224 1.68898224 1.68898224 1.68898224
 1.68898224 1.68898224 1.68898224 1.68898224 1.68898224 1.68898224
 1.68898224 1.68898224 1.68898224 1.68898224 1.68898224] [0.01443532 0.         0.01443532 0.01443532 0.01443532 0.0120765
 0.01370213 0.01443532 0.01370213 0.01443532 0.01443532 0.01443532
 0.01443532 0.01443532 0.01443532 0.01443532 0.01443532 0.01329027
 0.01443532 0.01443532 0.01443532 0.01443532 0.01443532 0.01301086
 0.01329027 0.01443532 0.01443532 0.01443532 0.01443532 0.01443532
 0.01443532 0.01443532 0.01443532 0.01370213 0.01443532 0.01370213
 0.01370213 0.01443532 0.01443532 0.01443532 0.01443532 0.01443532
 0.01443532 0.01443532 0.01443532 0.01443532 0.01370213 0.01443532
 0.01443532 0.01443532 0.01443532 0.01443532 0.01443532 0.01443532
 0.01443532 0.01443532 0.01443532 0.01443532 0.01443532 0.01443532
 0.01443532 0.01443532 0.01443532 0.01443532 0.01443532 0.01443532
 0.01443532 0.01443532 0.01443532 0.01443532 0.01443532]
<runners.go_exploration.Cell object at 0x0000025C9906A0C8>
<runners.go_exploration.Cell object at 0x0000025C95815A48>
<runners.go_exploration.Cell object at 0x0000025C9906A0C8>
<runners.go_exploration.Cell object at 0x0000025C976E5FC8>
<runners.go_exploration.Cell object at 0x0000025C95665648>
47725 11064 0.0
[1.68898224 0.         1.68898224 1.68898224 1.68898224 1.41299147
 1.6031958  1.68898224 1.6031958  1.6031958  1.68898224 1.68898224
 1.68898224 1.68898224 1.68898224 1.68898224 1.68898224 1.55500764
 1.68898224 1.68898224 1.68898224 1.68898224 1.68898224 1.52231557
 1.55500764 1.68898224 1.68898224 1.68898224 1.68898224 1.68898224
 1.68898224 1.68898224 1.68898224 1.68898224 1.68898224 1.6031958
 1.52231557 1.68898224 1.68898224 1.68898224 1.68898224 1.68898224
 1.68898224 1.68898224 1.68898224 1.68898224 1.55500764 1.68898224
 1.68898224 1.68898224 1.68898224 1.6031958  1.68898224 1.68898224
 1.68898224 1.68898224 1.68898224 1.68898224 1.68898224 1.68898224
 1.68898224 1.68898224 1.68898224 1.68898224 1.68898224 1.68898224
 1.68898224 1.6031958  1.68898224 1.68898224 1.68898224 1.68898224
 1.68898224 1.68898224 1.68898224 1.68898224 1.68898224 1.68898224
 1.68898224 1.68898224 1.68898224 1.68898224 1.68898224 1.68898224
 1.6031958  1.68898224 1.68898224 1.68898224 1.68898224 1.68898224
 1.68898224] [0.01123019 0.         0.01123019 0.01123019 0.01123019 0.0093951
 0.01065978 0.01123019 0.01065978 0.01065978 0.01123019 0.01123019
 0.01123019 0.01123019 0.01123019 0.01123019 0.01123019 0.01033938
 0.01123019 0.01123019 0.01123019 0.01123019 0.01123019 0.010122
 0.01033938 0.01123019 0.01123019 0.01123019 0.01123019 0.01123019
 0.01123019 0.01123019 0.01123019 0.01123019 0.01123019 0.01065978
 0.010122   0.01123019 0.01123019 0.01123019 0.01123019 0.01123019
 0.01123019 0.01123019 0.01123019 0.01123019 0.01033938 0.01123019
 0.01123019 0.01123019 0.01123019 0.01065978 0.01123019 0.01123019
 0.01123019 0.01123019 0.01123019 0.01123019 0.01123019 0.01123019
 0.01123019 0.01123019 0.01123019 0.01123019 0.01123019 0.01123019
 0.01123019 0.01065978 0.01123019 0.01123019 0.01123019 0.01123019
 0.01123019 0.01123019 0.01123019 0.01123019 0.01123019 0.01123019
 0.01123019 0.01123019 0.01123019 0.01123019 0.01123019 0.01123019
 0.01065978 0.01123019 0.01123019 0.01123019 0.01123019 0.01123019
 0.01123019]
<runners.go_exploration.Cell object at 0x0000025C96E45108>
<runners.go_exploration.Cell object at 0x0000025C96E45F48>
<runners.go_exploration.Cell object at 0x0000025C9906A688>
<runners.go_exploration.Cell object at 0x0000025C96E45D08>
<runners.go_exploration.Cell object at 0x0000025C9906A688>
59738 12013 0.0
[1.68898224 0.         1.68898224 1.68898224 1.68898224 1.40611151
 1.6031958  1.68898224 1.6031958  1.52231557 1.55500764 1.68898224
 1.68898224 1.68898224 1.68898224 1.6031958  1.68898224 1.55500764
 1.68898224 1.68898224 1.68898224 1.68898224 1.55500764 1.52231557
 1.55500764 1.68898224 1.68898224 1.68898224 1.68898224 1.68898224
 1.68898224 1.68898224 1.68898224 1.68898224 1.68898224 1.6031958
 1.52231557 1.68898224 1.68898224 1.68898224 1.68898224 1.68898224
 1.68898224 1.68898224 1.68898224 1.68898224 1.55500764 1.68898224
 1.68898224 1.68898224 1.68898224 1.6031958  1.68898224 1.68898224
 1.68898224 1.68898224 1.68898224 1.68898224 1.68898224 1.68898224
 1.68898224 1.68898224 1.68898224 1.68898224 1.68898224 1.68898224
 1.68898224 1.6031958  1.68898224 1.68898224 1.68898224 1.68898224
 1.68898224 1.68898224 1.68898224 1.68898224 1.68898224 1.68898224
 1.68898224 1.68898224 1.68898224 1.68898224 1.68898224 1.68898224
 1.6031958  1.68898224 1.68898224 1.68898224 1.68898224 1.6031958
 1.68898224 1.68898224 1.68898224 1.68898224 1.6031958  1.6031958
 1.6031958  1.68898224 1.68898224 1.68898224 1.68898224] [0.01014393 0.         0.01014393 0.01014393 0.01014393 0.00844502
 0.0096287  0.01014393 0.0096287  0.00914294 0.00933928 0.01014393
 0.01014393 0.01014393 0.01014393 0.0096287  0.01014393 0.00933928
 0.01014393 0.01014393 0.01014393 0.01014393 0.00933928 0.00914294
 0.00933928 0.01014393 0.01014393 0.01014393 0.01014393 0.01014393
 0.01014393 0.01014393 0.01014393 0.01014393 0.01014393 0.0096287
 0.00914294 0.01014393 0.01014393 0.01014393 0.01014393 0.01014393
 0.01014393 0.01014393 0.01014393 0.01014393 0.00933928 0.01014393
 0.01014393 0.01014393 0.01014393 0.0096287  0.01014393 0.01014393
 0.01014393 0.01014393 0.01014393 0.01014393 0.01014393 0.01014393
 0.01014393 0.01014393 0.01014393 0.01014393 0.01014393 0.01014393
 0.01014393 0.0096287  0.01014393 0.01014393 0.01014393 0.01014393
 0.01014393 0.01014393 0.01014393 0.01014393 0.01014393 0.01014393
 0.01014393 0.01014393 0.01014393 0.01014393 0.01014393 0.01014393
 0.0096287  0.01014393 0.01014393 0.01014393 0.01014393 0.0096287
 0.01014393 0.01014393 0.01014393 0.01014393 0.0096287  0.0096287
 0.0096287  0.01014393 0.01014393 0.01014393 0.01014393]
<runners.go_exploration.Cell object at 0x0000025C976E5608>
<runners.go_exploration.Cell object at 0x0000025C97375948>
<runners.go_exploration.Cell object at 0x0000025C976E5E48>
<runners.go_exploration.Cell object at 0x0000025C976E54C8>
<runners.go_exploration.Cell object at 0x0000025C9565C988>
72932 13194 0.0
[1.68898224 0.         1.68898224 1.68898224 1.68898224 1.38898224
 1.55500764 1.68898224 1.49799923 1.52231557 1.55500764 1.68898224
 1.68898224 1.68898224 1.68898224 1.6031958  1.68898224 1.55500764
 1.68898224 1.68898224 1.68898224 1.68898224 1.49799923 1.49799923
 1.55500764 1.68898224 1.68898224 1.68898224 1.68898224 1.6031958
 1.68898224 1.68898224 1.68898224 1.68898224 1.68898224 1.6031958
 1.49799923 1.68898224 1.68898224 1.68898224 1.68898224 1.68898224
 1.68898224 1.68898224 1.68898224 1.68898224 1.55500764 1.68898224
 1.68898224 1.68898224 1.68898224 1.6031958  1.68898224 1.68898224
 1.68898224 1.68898224 1.68898224 1.68898224 1.68898224 1.68898224
 1.68898224 1.68898224 1.68898224 1.68898224 1.68898224 1.68898224
 1.68898224 1.6031958  1.68898224 1.68898224 1.68898224 1.68898224
 1.68898224 1.68898224 1.68898224 1.68898224 1.68898224 1.68898224
 1.68898224 1.68898224 1.68898224 1.68898224 1.68898224 1.68898224
 1.6031958  1.68898224 1.68898224 1.68898224 1.68898224 1.6031958
 1.68898224 1.68898224 1.68898224 1.68898224 1.68898224 1.6031958
 1.6031958  1.68898224 1.68898224 1.68898224 1.68898224 1.68898224
 1.68898224 1.68898224 1.68898224 1.68898224 1.68898224] [0.00957692 0.         0.00957692 0.00957692 0.00957692 0.00787585
 0.00881726 0.00957692 0.00849401 0.00863189 0.00881726 0.00957692
 0.00957692 0.00957692 0.00957692 0.0090905  0.00957692 0.00881726
 0.00957692 0.00957692 0.00957692 0.00957692 0.00849401 0.00849401
 0.00881726 0.00957692 0.00957692 0.00957692 0.00957692 0.0090905
 0.00957692 0.00957692 0.00957692 0.00957692 0.00957692 0.0090905
 0.00849401 0.00957692 0.00957692 0.00957692 0.00957692 0.00957692
 0.00957692 0.00957692 0.00957692 0.00957692 0.00881726 0.00957692
 0.00957692 0.00957692 0.00957692 0.0090905  0.00957692 0.00957692
 0.00957692 0.00957692 0.00957692 0.00957692 0.00957692 0.00957692
 0.00957692 0.00957692 0.00957692 0.00957692 0.00957692 0.00957692
 0.00957692 0.0090905  0.00957692 0.00957692 0.00957692 0.00957692
 0.00957692 0.00957692 0.00957692 0.00957692 0.00957692 0.00957692
 0.00957692 0.00957692 0.00957692 0.00957692 0.00957692 0.00957692
 0.0090905  0.00957692 0.00957692 0.00957692 0.00957692 0.0090905
 0.00957692 0.00957692 0.00957692 0.00957692 0.00957692 0.0090905
 0.0090905  0.00957692 0.00957692 0.00957692 0.00957692 0.00957692
 0.00957692 0.00957692 0.00957692 0.00957692 0.00957692]
<runners.go_exploration.Cell object at 0x0000025C95441F08>
<runners.go_exploration.Cell object at 0x0000025C9906A848>
<runners.go_exploration.Cell object at 0x0000025C95413708>
<runners.go_exploration.Cell object at 0x0000025C9565C988>
<runners.go_exploration.Cell object at 0x0000025C95815E48>
87304 14372 0.0
[1.68898224 0.         1.68898224 1.68898224 1.68898224 1.38417634
 1.55500764 1.68898224 1.49799923 1.52231557 1.55500764 1.68898224
 1.68898224 1.68898224 1.68898224 1.6031958  1.68898224 1.55500764
 1.68898224 1.68898224 1.68898224 1.68898224 1.49799923 1.47888019
 1.55500764 1.68898224 1.68898224 1.68898224 1.68898224 1.6031958
 1.68898224 1.68898224 1.68898224 1.68898224 1.68898224 1.6031958
 1.68898224 1.68898224 1.68898224 1.68898224 1.68898224 1.68898224
 1.68898224 1.68898224 1.68898224 1.68898224 1.55500764 1.68898224
 1.68898224 1.68898224 1.68898224 1.6031958  1.68898224 1.68898224
 1.68898224 1.68898224 1.68898224 1.68898224 1.68898224 1.68898224
 1.68898224 1.68898224 1.68898224 1.68898224 1.68898224 1.68898224
 1.68898224 1.6031958  1.68898224 1.68898224 1.68898224 1.68898224
 1.68898224 1.68898224 1.68898224 1.68898224 1.68898224 1.68898224
 1.68898224 1.68898224 1.68898224 1.68898224 1.68898224 1.68898224
 1.6031958  1.68898224 1.68898224 1.68898224 1.68898224 1.6031958
 1.68898224 1.68898224 1.68898224 1.68898224 1.68898224 1.6031958
 1.6031958  1.68898224 1.68898224 1.68898224 1.68898224 1.68898224
 1.68898224 1.68898224 1.68898224 1.68898224 1.68898224 1.68898224
 1.68898224 1.68898224 1.68898224 1.68898224 1.68898224 1.68898224
 1.68898224 1.68898224 1.68898224 1.6031958  1.55500764 1.68898224
 1.68898224 1.68898224 1.68898224 1.68898224] [0.00823815 0.         0.00823815 0.00823815 0.00823815 0.00675144
 0.00758468 0.00823815 0.00730662 0.00742522 0.00758468 0.00823815
 0.00823815 0.00823815 0.00823815 0.00781972 0.00823815 0.00758468
 0.00823815 0.00823815 0.00823815 0.00823815 0.00730662 0.00721336
 0.00758468 0.00823815 0.00823815 0.00823815 0.00823815 0.00781972
 0.00823815 0.00823815 0.00823815 0.00823815 0.00823815 0.00781972
 0.00823815 0.00823815 0.00823815 0.00823815 0.00823815 0.00823815
 0.00823815 0.00823815 0.00823815 0.00823815 0.00758468 0.00823815
 0.00823815 0.00823815 0.00823815 0.00781972 0.00823815 0.00823815
 0.00823815 0.00823815 0.00823815 0.00823815 0.00823815 0.00823815
 0.00823815 0.00823815 0.00823815 0.00823815 0.00823815 0.00823815
 0.00823815 0.00781972 0.00823815 0.00823815 0.00823815 0.00823815
 0.00823815 0.00823815 0.00823815 0.00823815 0.00823815 0.00823815
 0.00823815 0.00823815 0.00823815 0.00823815 0.00823815 0.00823815
 0.00781972 0.00823815 0.00823815 0.00823815 0.00823815 0.00781972
 0.00823815 0.00823815 0.00823815 0.00823815 0.00823815 0.00781972
 0.00781972 0.00823815 0.00823815 0.00823815 0.00823815 0.00823815
 0.00823815 0.00823815 0.00823815 0.00823815 0.00823815 0.00823815
 0.00823815 0.00823815 0.00823815 0.00823815 0.00823815 0.00823815
 0.00823815 0.00823815 0.00823815 0.00781972 0.00758468 0.00823815
 0.00823815 0.00823815 0.00823815 0.00823815]
<runners.go_exploration.Cell object at 0x0000025C97375FC8>
<runners.go_exploration.Cell object at 0x0000025C95697B48>
<runners.go_exploration.Cell object at 0x0000025C97BAC108>
<runners.go_exploration.Cell object at 0x0000025C95815748>
<runners.go_exploration.Cell object at 0x0000025C96E45208>
102818 15514 0.0
[1.68898224 0.         1.68898224 1.68898224 1.68898224 1.38417634
 1.55500764 1.68898224 1.49799923 1.52231557 1.55500764 1.68898224
 1.68898224 1.68898224 1.68898224 1.6031958  1.68898224 1.55500764
 1.68898224 1.68898224 1.68898224 1.68898224 1.49799923 1.47888019
 1.55500764 1.68898224 1.68898224 1.68898224 1.68898224 1.6031958
 1.68898224 1.68898224 1.68898224 1.68898224 1.68898224 1.6031958
 1.68898224 1.68898224 1.68898224 1.68898224 1.68898224 1.68898224
 1.68898224 1.68898224 1.68898224 1.68898224 1.55500764 1.68898224
 1.68898224 1.68898224 1.68898224 1.6031958  1.68898224 1.68898224
 1.68898224 1.68898224 1.68898224 1.68898224 1.68898224 1.68898224
 1.68898224 1.68898224 1.68898224 1.68898224 1.68898224 1.68898224
 1.68898224 1.6031958  1.68898224 1.68898224 1.68898224 1.68898224
 1.68898224 1.68898224 1.68898224 1.68898224 1.68898224 1.68898224
 1.68898224 1.68898224 1.68898224 1.68898224 1.68898224 1.68898224
 1.6031958  1.68898224 1.68898224 1.68898224 1.68898224 1.6031958
 1.68898224 1.68898224 1.68898224 1.68898224 1.68898224 1.6031958
 1.6031958  1.68898224 1.68898224 1.68898224 1.68898224 1.68898224
 1.68898224 1.68898224 1.68898224 1.68898224 1.68898224 1.68898224
 1.68898224 1.68898224 1.68898224 1.68898224 1.68898224 1.68898224
 1.68898224 1.68898224 1.68898224 1.6031958  1.55500764 1.68898224
 1.68898224 1.68898224 1.68898224 1.68898224 1.68898224 1.68898224
 1.68898224 1.68898224 1.68898224 1.68898224 1.68898224 1.68898224
 1.68898224 1.6031958  1.68898224 1.68898224 1.68898224 1.68898224
 1.68898224] [0.00733484 0.         0.00733484 0.00733484 0.00733484 0.00601114
 0.00675302 0.00733484 0.00650545 0.00661105 0.00675302 0.00733484
 0.00733484 0.00733484 0.00733484 0.00696229 0.00733484 0.00675302
 0.00733484 0.00733484 0.00733484 0.00733484 0.00650545 0.00642242
 0.00675302 0.00733484 0.00733484 0.00733484 0.00733484 0.00696229
 0.00733484 0.00733484 0.00733484 0.00733484 0.00733484 0.00696229
 0.00733484 0.00733484 0.00733484 0.00733484 0.00733484 0.00733484
 0.00733484 0.00733484 0.00733484 0.00733484 0.00675302 0.00733484
 0.00733484 0.00733484 0.00733484 0.00696229 0.00733484 0.00733484
 0.00733484 0.00733484 0.00733484 0.00733484 0.00733484 0.00733484
 0.00733484 0.00733484 0.00733484 0.00733484 0.00733484 0.00733484
 0.00733484 0.00696229 0.00733484 0.00733484 0.00733484 0.00733484
 0.00733484 0.00733484 0.00733484 0.00733484 0.00733484 0.00733484
 0.00733484 0.00733484 0.00733484 0.00733484 0.00733484 0.00733484
 0.00696229 0.00733484 0.00733484 0.00733484 0.00733484 0.00696229
 0.00733484 0.00733484 0.00733484 0.00733484 0.00733484 0.00696229
 0.00696229 0.00733484 0.00733484 0.00733484 0.00733484 0.00733484
 0.00733484 0.00733484 0.00733484 0.00733484 0.00733484 0.00733484
 0.00733484 0.00733484 0.00733484 0.00733484 0.00733484 0.00733484
 0.00733484 0.00733484 0.00733484 0.00696229 0.00675302 0.00733484
 0.00733484 0.00733484 0.00733484 0.00733484 0.00733484 0.00733484
 0.00733484 0.00733484 0.00733484 0.00733484 0.00733484 0.00733484
 0.00733484 0.00696229 0.00733484 0.00733484 0.00733484 0.00733484
 0.00733484]
<runners.go_exploration.Cell object at 0x0000025C9544D208>
<runners.go_exploration.Cell object at 0x0000025C95441D88>
<runners.go_exploration.Cell object at 0x0000025C9544DF08>
<runners.go_exploration.Cell object at 0x0000025C95697B48>
<runners.go_exploration.Cell object at 0x0000025C95697F48>
120056 17238 0.0
[1.68898224 0.         1.68898224 1.68898224 1.68898224 1.38417634
 1.55500764 1.68898224 1.49799923 1.52231557 1.55500764 1.68898224
 1.68898224 1.68898224 1.68898224 1.6031958  1.68898224 1.55500764
 1.68898224 1.68898224 1.68898224 1.68898224 1.49799923 1.47888019
 1.55500764 1.68898224 1.68898224 1.68898224 1.68898224 1.6031958
 1.68898224 1.68898224 1.68898224 1.68898224 1.68898224 1.6031958
 1.68898224 1.68898224 1.68898224 1.68898224 1.68898224 1.68898224
 1.68898224 1.68898224 1.68898224 1.68898224 1.55500764 1.68898224
 1.68898224 1.68898224 1.68898224 1.6031958  1.68898224 1.68898224
 1.68898224 1.68898224 1.68898224 1.68898224 1.68898224 1.68898224
 1.68898224 1.68898224 1.68898224 1.68898224 1.68898224 1.68898224
 1.68898224 1.6031958  1.68898224 1.68898224 1.68898224 1.68898224
 1.68898224 1.68898224 1.68898224 1.68898224 1.68898224 1.68898224
 1.68898224 1.68898224 1.68898224 1.68898224 1.68898224 1.68898224
 1.6031958  1.68898224 1.68898224 1.68898224 1.68898224 1.6031958
 1.68898224 1.68898224 1.68898224 1.68898224 1.68898224 1.6031958
 1.6031958  1.68898224 1.68898224 1.68898224 1.68898224 1.68898224
 1.68898224 1.68898224 1.68898224 1.68898224 1.68898224 1.68898224
 1.68898224 1.68898224 1.68898224 1.68898224 1.68898224 1.68898224
 1.68898224 1.68898224 1.68898224 1.6031958  1.55500764 1.68898224
 1.68898224 1.68898224 1.68898224 1.68898224 1.68898224 1.68898224
 1.68898224 1.68898224 1.68898224 1.68898224 1.68898224 1.68898224
 1.68898224 1.68898224 1.68898224 1.68898224 1.68898224 1.68898224
 1.55500764 1.68898224 1.68898224 1.68898224 1.68898224 1.68898224
 1.68898224 1.68898224 1.68898224 1.68898224 1.68898224 1.68898224
 1.68898224 1.68898224 1.68898224 1.68898224 1.68898224 1.68898224
 1.68898224] [0.00648058 0.         0.00648058 0.00648058 0.00648058 0.00531105
 0.00596652 0.00648058 0.00574778 0.00584109 0.00596652 0.00648058
 0.00648058 0.00648058 0.00648058 0.00615142 0.00648058 0.00596652
 0.00648058 0.00648058 0.00648058 0.00648058 0.00574778 0.00567443
 0.00596652 0.00648058 0.00648058 0.00648058 0.00648058 0.00615142
 0.00648058 0.00648058 0.00648058 0.00648058 0.00648058 0.00615142
 0.00648058 0.00648058 0.00648058 0.00648058 0.00648058 0.00648058
 0.00648058 0.00648058 0.00648058 0.00648058 0.00596652 0.00648058
 0.00648058 0.00648058 0.00648058 0.00615142 0.00648058 0.00648058
 0.00648058 0.00648058 0.00648058 0.00648058 0.00648058 0.00648058
 0.00648058 0.00648058 0.00648058 0.00648058 0.00648058 0.00648058
 0.00648058 0.00615142 0.00648058 0.00648058 0.00648058 0.00648058
 0.00648058 0.00648058 0.00648058 0.00648058 0.00648058 0.00648058
 0.00648058 0.00648058 0.00648058 0.00648058 0.00648058 0.00648058
 0.00615142 0.00648058 0.00648058 0.00648058 0.00648058 0.00615142
 0.00648058 0.00648058 0.00648058 0.00648058 0.00648058 0.00615142
 0.00615142 0.00648058 0.00648058 0.00648058 0.00648058 0.00648058
 0.00648058 0.00648058 0.00648058 0.00648058 0.00648058 0.00648058
 0.00648058 0.00648058 0.00648058 0.00648058 0.00648058 0.00648058
 0.00648058 0.00648058 0.00648058 0.00615142 0.00596652 0.00648058
 0.00648058 0.00648058 0.00648058 0.00648058 0.00648058 0.00648058
 0.00648058 0.00648058 0.00648058 0.00648058 0.00648058 0.00648058
 0.00648058 0.00648058 0.00648058 0.00648058 0.00648058 0.00648058
 0.00596652 0.00648058 0.00648058 0.00648058 0.00648058 0.00648058
 0.00648058 0.00648058 0.00648058 0.00648058 0.00648058 0.00648058
 0.00648058 0.00648058 0.00648058 0.00648058 0.00648058 0.00648058
 0.00648058]
<runners.go_exploration.Cell object at 0x0000025C97A7C808>
<runners.go_exploration.Cell object at 0x0000025C97A7C288>
<runners.go_exploration.Cell object at 0x0000025C95665388>
<runners.go_exploration.Cell object at 0x0000025C9906A888>
<runners.go_exploration.Cell object at 0x0000025C97A7CC08>
139192 19136 0.0
[1.68898224 0.         1.68898224 1.68898224 1.68898224 1.38417634
 1.55500764 1.68898224 1.49799923 1.52231557 1.55500764 1.68898224
 1.68898224 1.68898224 1.68898224 1.6031958  1.68898224 1.55500764
 1.68898224 1.68898224 1.68898224 1.68898224 1.49799923 1.47888019
 1.55500764 1.68898224 1.68898224 1.68898224 1.68898224 1.6031958
 1.68898224 1.68898224 1.68898224 1.68898224 1.68898224 1.6031958
 1.68898224 1.68898224 1.68898224 1.68898224 1.68898224 1.68898224
 1.68898224 1.68898224 1.68898224 1.68898224 1.55500764 1.68898224
 1.68898224 1.68898224 1.68898224 1.6031958  1.68898224 1.68898224
 1.68898224 1.68898224 1.68898224 1.68898224 1.68898224 1.68898224
 1.68898224 1.68898224 1.68898224 1.68898224 1.68898224 1.68898224
 1.68898224 1.6031958  1.68898224 1.68898224 1.68898224 1.68898224
 1.68898224 1.68898224 1.68898224 1.68898224 1.68898224 1.68898224
 1.68898224 1.68898224 1.68898224 1.68898224 1.68898224 1.68898224
 1.6031958  1.68898224 1.68898224 1.68898224 1.68898224 1.6031958
 1.68898224 1.68898224 1.68898224 1.68898224 1.68898224 1.6031958
 1.6031958  1.68898224 1.68898224 1.68898224 1.68898224 1.68898224
 1.68898224 1.68898224 1.68898224 1.68898224 1.68898224 1.68898224
 1.68898224 1.68898224 1.68898224 1.68898224 1.68898224 1.68898224
 1.68898224 1.68898224 1.68898224 1.6031958  1.55500764 1.68898224
 1.68898224 1.68898224 1.68898224 1.68898224 1.68898224 1.68898224
 1.68898224 1.68898224 1.68898224 1.68898224 1.68898224 1.68898224
 1.68898224 1.68898224 1.68898224 1.68898224 1.68898224 1.68898224
 1.6031958  1.68898224 1.68898224 1.68898224 1.68898224 1.68898224
 1.68898224 1.68898224 1.68898224 1.68898224 1.68898224 1.68898224
 1.68898224 1.68898224 1.68898224 1.68898224 1.68898224 1.68898224
 1.68898224 1.6031958  1.68898224 1.68898224 1.68898224 1.68898224
 1.68898224 1.68898224 1.68898224 1.68898224 1.68898224 1.68898224
 1.68898224 1.68898224 1.68898224 1.68898224 1.68898224 1.68898224
 1.68898224 1.68898224 1.68898224 1.68898224 1.68898224 1.68898224
 1.68898224 1.68898224 1.68898224 1.68898224 1.68898224 1.68898224
 1.68898224 1.68898224 1.68898224] [0.00536812 0.         0.00536812 0.00536812 0.00536812 0.00439935
 0.00494231 0.00536812 0.00476112 0.0048384  0.00494231 0.00536812
 0.00536812 0.00536812 0.00536812 0.00509547 0.00536812 0.00494231
 0.00536812 0.00536812 0.00536812 0.00536812 0.00476112 0.00470035
 0.00494231 0.00536812 0.00536812 0.00536812 0.00536812 0.00509547
 0.00536812 0.00536812 0.00536812 0.00536812 0.00536812 0.00509547
 0.00536812 0.00536812 0.00536812 0.00536812 0.00536812 0.00536812
 0.00536812 0.00536812 0.00536812 0.00536812 0.00494231 0.00536812
 0.00536812 0.00536812 0.00536812 0.00509547 0.00536812 0.00536812
 0.00536812 0.00536812 0.00536812 0.00536812 0.00536812 0.00536812
 0.00536812 0.00536812 0.00536812 0.00536812 0.00536812 0.00536812
 0.00536812 0.00509547 0.00536812 0.00536812 0.00536812 0.00536812
 0.00536812 0.00536812 0.00536812 0.00536812 0.00536812 0.00536812
 0.00536812 0.00536812 0.00536812 0.00536812 0.00536812 0.00536812
 0.00509547 0.00536812 0.00536812 0.00536812 0.00536812 0.00509547
 0.00536812 0.00536812 0.00536812 0.00536812 0.00536812 0.00509547
 0.00509547 0.00536812 0.00536812 0.00536812 0.00536812 0.00536812
 0.00536812 0.00536812 0.00536812 0.00536812 0.00536812 0.00536812
 0.00536812 0.00536812 0.00536812 0.00536812 0.00536812 0.00536812
 0.00536812 0.00536812 0.00536812 0.00509547 0.00494231 0.00536812
 0.00536812 0.00536812 0.00536812 0.00536812 0.00536812 0.00536812
 0.00536812 0.00536812 0.00536812 0.00536812 0.00536812 0.00536812
 0.00536812 0.00536812 0.00536812 0.00536812 0.00536812 0.00536812
 0.00509547 0.00536812 0.00536812 0.00536812 0.00536812 0.00536812
 0.00536812 0.00536812 0.00536812 0.00536812 0.00536812 0.00536812
 0.00536812 0.00536812 0.00536812 0.00536812 0.00536812 0.00536812
 0.00536812 0.00509547 0.00536812 0.00536812 0.00536812 0.00536812
 0.00536812 0.00536812 0.00536812 0.00536812 0.00536812 0.00536812
 0.00536812 0.00536812 0.00536812 0.00536812 0.00536812 0.00536812
 0.00536812 0.00536812 0.00536812 0.00536812 0.00536812 0.00536812
 0.00536812 0.00536812 0.00536812 0.00536812 0.00536812 0.00536812
 0.00536812 0.00536812 0.00536812]
<runners.go_exploration.Cell object at 0x0000025C954288C8>
<runners.go_exploration.Cell object at 0x0000025C9544DC08>
<runners.go_exploration.Cell object at 0x0000025C95665948>
<runners.go_exploration.Cell object at 0x0000025C96D73708>
<runners.go_exploration.Cell object at 0x0000025C96E45D08>
159066 19874 0.0
[1.68898224 0.         1.68898224 1.68898224 1.68898224 1.38417634
 1.55500764 1.68898224 1.49799923 1.52231557 1.55500764 1.68898224
 1.68898224 1.68898224 1.68898224 1.6031958  1.68898224 1.55500764
 1.68898224 1.68898224 1.68898224 1.68898224 1.49799923 1.47888019
 1.55500764 1.68898224 1.68898224 1.68898224 1.68898224 1.6031958
 1.68898224 1.68898224 1.68898224 1.68898224 1.68898224 1.6031958
 1.68898224 1.68898224 1.68898224 1.68898224 1.68898224 1.68898224
 1.68898224 1.68898224 1.68898224 1.68898224 1.55500764 1.68898224
 1.68898224 1.68898224 1.68898224 1.6031958  1.68898224 1.68898224
 1.68898224 1.68898224 1.68898224 1.68898224 1.68898224 1.68898224
 1.68898224 1.68898224 1.68898224 1.68898224 1.68898224 1.68898224
 1.68898224 1.6031958  1.68898224 1.68898224 1.68898224 1.68898224
 1.68898224 1.68898224 1.68898224 1.68898224 1.68898224 1.68898224
 1.68898224 1.68898224 1.68898224 1.68898224 1.68898224 1.68898224
 1.6031958  1.68898224 1.68898224 1.68898224 1.68898224 1.6031958
 1.68898224 1.68898224 1.68898224 1.68898224 1.68898224 1.6031958
 1.6031958  1.68898224 1.68898224 1.68898224 1.68898224 1.68898224
 1.68898224 1.68898224 1.68898224 1.68898224 1.68898224 1.68898224
 1.68898224 1.68898224 1.68898224 1.68898224 1.68898224 1.68898224
 1.68898224 1.68898224 1.68898224 1.6031958  1.55500764 1.68898224
 1.68898224 1.68898224 1.68898224 1.68898224 1.68898224 1.68898224
 1.68898224 1.68898224 1.68898224 1.68898224 1.68898224 1.68898224
 1.68898224 1.68898224 1.68898224 1.68898224 1.68898224 1.68898224
 1.6031958  1.68898224 1.68898224 1.68898224 1.68898224 1.68898224
 1.68898224 1.68898224 1.68898224 1.68898224 1.68898224 1.68898224
 1.68898224 1.68898224 1.68898224 1.68898224 1.68898224 1.68898224
 1.68898224 1.6031958  1.68898224 1.68898224 1.68898224 1.68898224
 1.68898224 1.68898224 1.68898224 1.68898224 1.68898224 1.68898224
 1.68898224 1.68898224 1.68898224 1.68898224 1.68898224 1.68898224
 1.68898224 1.68898224 1.68898224 1.68898224 1.68898224 1.68898224
 1.68898224 1.68898224 1.68898224 1.68898224 1.68898224 1.68898224
 1.68898224 1.68898224 1.68898224 1.68898224 1.68898224 1.68898224
 1.68898224 1.68898224 1.68898224 1.68898224 1.68898224 1.68898224
 1.68898224 1.68898224 1.68898224 1.68898224 1.68898224 1.68898224] [0.00496808 0.         0.00496808 0.00496808 0.00496808 0.00407151
 0.004574   0.00496808 0.00440631 0.00447784 0.004574   0.00496808
 0.00496808 0.00496808 0.00496808 0.00471575 0.00496808 0.004574
 0.00496808 0.00496808 0.00496808 0.00496808 0.00440631 0.00435008
 0.004574   0.00496808 0.00496808 0.00496808 0.00496808 0.00471575
 0.00496808 0.00496808 0.00496808 0.00496808 0.00496808 0.00471575
 0.00496808 0.00496808 0.00496808 0.00496808 0.00496808 0.00496808
 0.00496808 0.00496808 0.00496808 0.00496808 0.004574   0.00496808
 0.00496808 0.00496808 0.00496808 0.00471575 0.00496808 0.00496808
 0.00496808 0.00496808 0.00496808 0.00496808 0.00496808 0.00496808
 0.00496808 0.00496808 0.00496808 0.00496808 0.00496808 0.00496808
 0.00496808 0.00471575 0.00496808 0.00496808 0.00496808 0.00496808
 0.00496808 0.00496808 0.00496808 0.00496808 0.00496808 0.00496808
 0.00496808 0.00496808 0.00496808 0.00496808 0.00496808 0.00496808
 0.00471575 0.00496808 0.00496808 0.00496808 0.00496808 0.00471575
 0.00496808 0.00496808 0.00496808 0.00496808 0.00496808 0.00471575
 0.00471575 0.00496808 0.00496808 0.00496808 0.00496808 0.00496808
 0.00496808 0.00496808 0.00496808 0.00496808 0.00496808 0.00496808
 0.00496808 0.00496808 0.00496808 0.00496808 0.00496808 0.00496808
 0.00496808 0.00496808 0.00496808 0.00471575 0.004574   0.00496808
 0.00496808 0.00496808 0.00496808 0.00496808 0.00496808 0.00496808
 0.00496808 0.00496808 0.00496808 0.00496808 0.00496808 0.00496808
 0.00496808 0.00496808 0.00496808 0.00496808 0.00496808 0.00496808
 0.00471575 0.00496808 0.00496808 0.00496808 0.00496808 0.00496808
 0.00496808 0.00496808 0.00496808 0.00496808 0.00496808 0.00496808
 0.00496808 0.00496808 0.00496808 0.00496808 0.00496808 0.00496808
 0.00496808 0.00471575 0.00496808 0.00496808 0.00496808 0.00496808
 0.00496808 0.00496808 0.00496808 0.00496808 0.00496808 0.00496808
 0.00496808 0.00496808 0.00496808 0.00496808 0.00496808 0.00496808
 0.00496808 0.00496808 0.00496808 0.00496808 0.00496808 0.00496808
 0.00496808 0.00496808 0.00496808 0.00496808 0.00496808 0.00496808
 0.00496808 0.00496808 0.00496808 0.00496808 0.00496808 0.00496808
 0.00496808 0.00496808 0.00496808 0.00496808 0.00496808 0.00496808
 0.00496808 0.00496808 0.00496808 0.00496808 0.00496808 0.00496808]
<runners.go_exploration.Cell object at 0x0000025C97A77EC8>
<runners.go_exploration.Cell object at 0x0000025C95655608>
<runners.go_exploration.Cell object at 0x0000025C976E1F48>
<runners.go_exploration.Cell object at 0x0000025C93238FC8>
<runners.go_exploration.Cell object at 0x0000025C97A77EC8>
180024 20958 0.0
cell_counter 181.0000
go_explore_return 0.0000
traj_length 502.4000
Check term: 180024
[2.5 0. ] [1. 0.]
<runners.go_exploration.Cell object at 0x0000025C97B3D2C8>
<runners.go_exploration.Cell object at 0x0000025C97B3D2C8>
<runners.go_exploration.Cell object at 0x0000025C97B3D2C8>
<runners.go_exploration.Cell object at 0x0000025C97B3D2C8>
