Check term: 0
2500
6384
11435
17697
24974
32856
42127
52150
63171
74815
87033
100845
115818
131461
147913
165460
183995
203519
223905
cell_counter 9079.2000
go_explore_return 0.0000
traj_length 500.0000
Check term: 223905
226405
230260
235285
240936
247341
254303
262036
270733
280293
291176
302705
315222
328286
342101
357551
373483
389889
407302
425654
444830
465362
cell_counter 8700.2000
go_explore_return 0.0000
traj_length 500.0000
Check term: 465362
467862
471765
476986
482873
489966
498474
508130
519017
530459
542443
555199
568817
583271
599263
616133
633776
651960
671459
691631
cell_counter 9287.8000
go_explore_return 1.0000
traj_length 500.0000
Check term: 691631
694131
698111
703555
710270
718229
726865
736341
747051
758817
771732
785990
800921
817485
834848
853852
873939
cell_counter 8363.8000
go_explore_return 0.0000
traj_length 500.0000
Check term: 873939
876439
880506
885260
890653
896681
904073
912237
921711
932025
942696
954468
967267
980522
994191
1008466
1023394
1039106
1055617
1073143
1091519
1110680
1130694
cell_counter 8715.8000
go_explore_return 1.0000
traj_length 500.0000
Check term: 1130694
1133194
1136927
1141882
1148427
1155766
1163781
1172590
1182048
1192735
1204369
1217586
1231674
1246863
1262704
1279533
1297320
1315778
1335356
1356164
cell_counter 9343.2000
go_explore_return 0.0000
traj_length 500.0000
Exiting Main
Stopping all threads
Thread Thread-19 is alive! Is daemon: False
Thread joined
Exiting script
