Check term: 0
500 500 0.0
1500 1000 0.0
3000 1500 0.0
5000 2000 0.0
7500 2500 0.0
10500 3000 0.0
14000 3500 0.0
18000 4000 0.0
22500 4500 0.0
27500 5000 0.0
33000 5500 0.0
39000 6000 0.0
45500 6500 0.0
52500 7000 0.0
60000 7500 0.0
68000 8000 0.0
76500 8500 0.0
85500 9000 0.0
95000 9500 0.0
105000 10000 0.0
115500 10500 0.0
126500 11000 0.0
138000 11500 0.0
150000 12000 0.0
162500 12500 0.0
175500 13000 0.0
189000 13500 0.0
203000 14000 0.0
217500 14500 0.0
232500 15000 0.0
248000 15500 0.0
264000 16000 0.0
280500 16500 0.0
297500 17000 0.0
315000 17500 0.0
333000 18000 0.0
351500 18500 0.0
370500 19000 0.0
390000 19500 0.0
410000 20000 0.0
cell_counter 4404.4000
go_explore_return 0.0000
traj_length 123.8000
Check term: 410000
410500 500 0.0
411500 1000 0.0
413000 1500 0.0
415000 2000 0.0
417500 2500 0.0
420500 3000 0.0
424000 3500 0.0
428000 4000 0.0
432500 4500 0.0
437500 5000 0.0
443000 5500 0.0
449000 6000 0.0
455500 6500 0.0
462500 7000 0.0
470000 7500 0.0
478000 8000 0.0
486500 8500 0.0
495500 9000 0.0
505000 9500 0.0
515000 10000 0.0
525500 10500 0.0
536500 11000 0.0
548000 11500 0.0
560000 12000 0.0
572500 12500 0.0
585500 13000 0.0
599000 13500 0.0
613000 14000 0.0
627500 14500 0.0
642500 15000 0.0
658000 15500 0.0
674000 16000 0.0
690500 16500 0.0
707500 17000 0.0
725000 17500 0.0
743000 18000 0.0
761500 18500 0.0
780500 19000 0.0
800000 19500 0.0
820000 20000 0.0
cell_counter 4312.2000
go_explore_return 0.0000
traj_length 120.2000
Check term: 820000
820500 500 0.0
821500 1000 0.0
823000 1500 0.0
825000 2000 0.0
827500 2500 0.0
830500 3000 0.0
834000 3500 0.0
838000 4000 0.0
842500 4500 0.0
847500 5000 0.0
853000 5500 0.0
859000 6000 0.0
865500 6500 0.0
872500 7000 0.0
880000 7500 0.0
888000 8000 0.0
896500 8500 0.0
905500 9000 0.0
915000 9500 0.0
925000 10000 1.0
935500 10500 1.0
946500 11000 1.0
958000 11500 1.0
970000 12000 1.0
982500 12500 1.0
995500 13000 1.0
1009000 13500 1.0
1023000 14000 1.0
1037500 14500 1.0
1052500 15000 1.0
1068000 15500 1.0
1084000 16000 1.0
1100500 16500 1.0
1117500 17000 1.0
1135000 17500 1.0
1153000 18000 1.0
1171500 18500 1.0
1190500 19000 1.0
1210000 19500 1.0
1230000 20000 1.0
cell_counter 4721.2000
go_explore_return 1.0000
traj_length 122.6000
Check term: 1230000
1230500 500 0.0
1231500 1000 0.0
1233000 1500 0.0
1235000 2000 0.0
1237500 2500 0.0
1240500 3000 0.0
1244000 3500 0.0
1248000 4000 0.0
1252500 4500 0.0
1257500 5000 0.0
1263000 5500 0.0
1269000 6000 0.0
1275500 6500 0.0
1282500 7000 0.0
1290000 7500 0.0
1298000 8000 0.0
1306500 8500 0.0
1315500 9000 0.0
1325000 9500 0.0
1335000 10000 0.0
1345500 10500 0.0
1356500 11000 0.0
1368000 11500 0.0
1380000 12000 0.0
1392500 12500 0.0
1405500 13000 0.0
1419000 13500 0.0
1433000 14000 0.0
1447500 14500 0.0
1462500 15000 0.0
1478000 15500 0.0
1494000 16000 0.0
1510500 16500 0.0
1527500 17000 0.0
1545000 17500 0.0
1563000 18000 0.0
1581500 18500 0.0
1600500 19000 0.0
1620000 19500 0.0
1640000 20000 0.0
cell_counter 4454.6000
go_explore_return 0.0000
traj_length 109.0000
Exiting Main
Stopping all threads
Thread Thread-19 is alive! Is daemon: False
Thread joined
Exiting script
