Check term: 0
1000 1000 0.0
3000 2000 0.0
6000 3000 0.0
10000 4000 0.0
15000 5000 0.0
21000 6000 0.0
28000 7000 0.0
36000 8000 0.0
45000 9000 0.0
55000 10000 0.0
66000 11000 0.0
78000 12000 0.0
91000 13000 0.0
105000 14000 0.0
120000 15000 0.0
136000 16000 0.0
153000 17000 0.0
171000 18000 0.0
190000 19000 0.0
210000 20000 0.0
231000 21000 0.0
253000 22000 0.0
276000 23000 0.0
300000 24000 0.0
325000 25000 0.0
351000 26000 0.0
378000 27000 0.0
406000 28000 0.0
435000 29000 0.0
465000 30000 0.0
cell_counter 4779.0000
go_explore_return 0.0000
traj_length 280.6000
Check term: 465000
466000 1000 0.0
468000 2000 0.0
471000 3000 0.0
475000 4000 0.0
480000 5000 0.0
486000 6000 0.0
493000 7000 0.0
501000 8000 0.0
510000 9000 0.0
520000 10000 0.0
531000 11000 0.0
543000 12000 0.0
556000 13000 0.0
570000 14000 0.0
585000 15000 0.0
601000 16000 0.0
618000 17000 0.0
636000 18000 0.0
655000 19000 0.0
675000 20000 0.0
696000 21000 0.0
718000 22000 0.0
741000 23000 0.0
765000 24000 0.0
790000 25000 0.0
816000 26000 0.0
843000 27000 0.0
871000 28000 0.0
900000 29000 0.0
930000 30000 0.0
cell_counter 4959.4000
go_explore_return 0.0000
traj_length 235.2000
Check term: 930000
931000 1000 0.0
933000 2000 0.0
936000 3000 0.0
940000 4000 0.0
945000 5000 0.0
951000 6000 0.0
958000 7000 0.0
966000 8000 0.0
975000 9000 0.0
985000 10000 0.0
996000 11000 0.0
1008000 12000 0.0
1021000 13000 0.0
1035000 14000 0.0
1050000 15000 0.0
1066000 16000 0.0
1083000 17000 0.0
1101000 18000 0.0
1120000 19000 0.0
1140000 20000 0.0
1161000 21000 0.0
1183000 22000 0.0
1206000 23000 0.0
1230000 24000 0.0
1255000 25000 0.0
1281000 26000 0.0
1308000 27000 0.0
1336000 28000 0.0
1365000 29000 0.0
1395000 30000 0.0
cell_counter 4967.0000
go_explore_return 0.0000
traj_length 260.8000
Check term: 1395000
1396000 1000 0.0
1398000 2000 0.0
1401000 3000 0.0
1405000 4000 0.0
1410000 5000 0.0
1416000 6000 0.0
1423000 7000 0.0
1431000 8000 0.0
1440000 9000 0.0
1450000 10000 0.0
1461000 11000 0.0
1473000 12000 0.0
1486000 13000 0.0
1500000 14000 0.0
1515000 15000 0.0
1531000 16000 0.0
1548000 17000 0.0
1566000 18000 0.0
1585000 19000 0.0
1605000 20000 0.0
1626000 21000 0.0
1648000 22000 0.0
1671000 23000 0.0
1695000 24000 0.0
1720000 25000 0.0
1746000 26000 0.0
1773000 27000 0.0
1801000 28000 0.0
1830000 29000 0.0
1860000 30000 0.0
cell_counter 4883.4000
go_explore_return 0.0000
traj_length 212.0000
Check term: 1860000
1861000 1000 0.0
1863000 2000 0.0
1866000 3000 0.0
1870000 4000 0.0
1875000 5000 0.0
1881000 6000 0.0
1888000 7000 0.0
1896000 8000 0.0
1905000 9000 0.0
1915000 10000 0.0
1926000 11000 0.0
1938000 12000 0.0
1951000 13000 0.0
1965000 14000 0.0
1980000 15000 0.0
1996000 16000 0.0
2013000 17000 0.0
2031000 18000 0.0
2050000 19000 0.0
2070000 20000 0.0
2091000 21000 0.0
2113000 22000 0.0
2136000 23000 0.0
2160000 24000 0.0
2185000 25000 0.0
2211000 26000 0.0
2238000 27000 0.0
2266000 28000 0.0
2295000 29000 0.0
2325000 30000 0.0
cell_counter 4872.2000
go_explore_return 0.0000
traj_length 266.6000
Check term: 2325000
2326000 1000 0.0
2328000 2000 0.0
2331000 3000 0.0
2335000 4000 0.0
2340000 5000 0.0
2346000 6000 0.0
2353000 7000 0.0
2361000 8000 0.0
2370000 9000 0.0
2380000 10000 0.0
2391000 11000 0.0
2403000 12000 0.0
2416000 13000 0.0
2430000 14000 0.0
2445000 15000 0.0
2461000 16000 0.0
2478000 17000 0.0
2496000 18000 0.0
2515000 19000 0.0
2535000 20000 0.0
2556000 21000 0.0
2578000 22000 0.0
2601000 23000 0.0
2625000 24000 0.0
2650000 25000 0.0
2676000 26000 0.0
2703000 27000 0.0
2731000 28000 0.0
2760000 29000 0.0
2790000 30000 0.0
cell_counter 4741.8000
go_explore_return 0.0000
traj_length 285.0000
Check term: 2790000
2791000 1000 0.0
2793000 2000 0.0
2796000 3000 0.0
2800000 4000 0.0
2805000 5000 0.0
2811000 6000 0.0
2818000 7000 0.0
2826000 8000 0.0
2835000 9000 0.0
2845000 10000 0.0
2856000 11000 0.0
2868000 12000 0.0
2881000 13000 0.0
2895000 14000 0.0
2910000 15000 0.0
2926000 16000 0.0
2943000 17000 0.0
2961000 18000 0.0
2980000 19000 0.0
3000000 20000 0.0
3021000 21000 0.0
3043000 22000 0.0
3066000 23000 0.0
3090000 24000 0.0
3115000 25000 0.0
3141000 26000 0.0
3168000 27000 0.0
3196000 28000 0.0
3225000 29000 0.0
3255000 30000 0.0
cell_counter 4881.8000
go_explore_return 0.0000
traj_length 193.8000
Check term: 3255000
3256000 1000 0.0
3258000 2000 0.0
3261000 3000 0.0
3265000 4000 0.0
3270000 5000 0.0
3276000 6000 0.0
3283000 7000 0.0
3291000 8000 0.0
3300000 9000 0.0
3310000 10000 0.0
3321000 11000 0.0
3333000 12000 0.0
3346000 13000 0.0
3360000 14000 0.0
3375000 15000 0.0
3391000 16000 0.0
3408000 17000 0.0
3426000 18000 0.0
3445000 19000 0.0
3465000 20000 0.0
3486000 21000 0.0
3508000 22000 0.0
3531000 23000 0.0
3555000 24000 0.0
3580000 25000 0.0
3606000 26000 0.0
3633000 27000 0.0
3661000 28000 0.0
3690000 29000 0.0
3720000 30000 0.0
cell_counter 4666.6000
go_explore_return 0.0000
traj_length 281.0000
Check term: 3720000
3721000 1000 0.0
3723000 2000 0.0
3726000 3000 0.0
3730000 4000 0.0
3735000 5000 0.0
3741000 6000 0.0
3748000 7000 0.0
3756000 8000 0.0
3765000 9000 0.0
3775000 10000 0.0
3786000 11000 0.0
3798000 12000 0.0
3811000 13000 0.0
3825000 14000 0.0
3840000 15000 0.0
3856000 16000 0.0
3873000 17000 0.0
3891000 18000 0.0
3910000 19000 0.0
3930000 20000 0.0
3951000 21000 0.0
3973000 22000 0.0
3996000 23000 0.0
4020000 24000 0.0
4045000 25000 0.0
4071000 26000 1.0
4098000 27000 1.0
4126000 28000 1.0
4155000 29000 1.0
4185000 30000 1.0
cell_counter 4976.4000
go_explore_return 1.0000
traj_length 348.2000
Check term: 4185000
4186000 1000 0.0
4188000 2000 0.0
4191000 3000 0.0
4195000 4000 0.0
4200000 5000 0.0
4206000 6000 0.0
4213000 7000 0.0
4221000 8000 0.0
4230000 9000 0.0
4240000 10000 0.0
4251000 11000 0.0
4263000 12000 0.0
4276000 13000 0.0
4290000 14000 0.0
4305000 15000 0.0
4321000 16000 0.0
4338000 17000 0.0
4356000 18000 0.0
4375000 19000 0.0
4395000 20000 0.0
4416000 21000 0.0
4438000 22000 0.0
4461000 23000 0.0
4485000 24000 0.0
4510000 25000 0.0
4536000 26000 0.0
4563000 27000 0.0
4591000 28000 0.0
4620000 29000 0.0
4650000 30000 0.0
cell_counter 4893.2000
go_explore_return 0.0000
traj_length 228.6000
Check term: 4650000
4651000 1000 0.0
4653000 2000 0.0
4656000 3000 0.0
4660000 4000 0.0
4665000 5000 0.0
4671000 6000 0.0
4678000 7000 0.0
4686000 8000 0.0
4695000 9000 0.0
4705000 10000 0.0
4716000 11000 0.0
4728000 12000 0.0
4741000 13000 0.0
4755000 14000 0.0
4770000 15000 0.0
4786000 16000 0.0
4803000 17000 0.0
4821000 18000 0.0
4840000 19000 0.0
4860000 20000 0.0
4881000 21000 0.0
4903000 22000 0.0
4926000 23000 0.0
4950000 24000 0.0
4975000 25000 0.0
5001000 26000 0.0
5028000 27000 0.0
5056000 28000 0.0
5085000 29000 0.0
5115000 30000 0.0
cell_counter 4841.4000
go_explore_return 0.0000
traj_length 218.6000
Check term: 5115000
5116000 1000 0.0
5118000 2000 0.0
5121000 3000 0.0
5125000 4000 0.0
5130000 5000 0.0
5136000 6000 0.0
5143000 7000 0.0
5151000 8000 0.0
5160000 9000 0.0
5170000 10000 0.0
5181000 11000 0.0
5193000 12000 0.0
5206000 13000 0.0
5220000 14000 0.0
5235000 15000 0.0
5251000 16000 0.0
5268000 17000 0.0
5286000 18000 0.0
5305000 19000 0.0
5325000 20000 0.0
5346000 21000 0.0
5368000 22000 0.0
5391000 23000 0.0
5415000 24000 0.0
5440000 25000 0.0
5465988 25988 0.0
5492976 26988 0.0
5520964 27988 0.0
5549951 28987 0.0
5579938 29987 0.0
5610925 30987 0.0
cell_counter 5057.6000
go_explore_return 0.0000
traj_length 266.0000
Check term: 5610925
5611925 1000 0.0
5613925 2000 0.0
5616925 3000 0.0
5620925 4000 0.0
5625925 5000 0.0
5631925 6000 0.0
5638925 7000 0.0
5646925 8000 0.0
5655925 9000 0.0
5665925 10000 0.0
5676925 11000 0.0
5688925 12000 0.0
5701925 13000 0.0
5715925 14000 0.0
5730925 15000 0.0
5746925 16000 0.0
5763925 17000 0.0
5781925 18000 0.0
5800925 19000 0.0
5820925 20000 0.0
5841925 21000 0.0
5863925 22000 0.0
5886925 23000 0.0
5910925 24000 0.0
5935925 25000 0.0
5961925 26000 0.0
5988925 27000 0.0
6016925 28000 0.0
6045925 29000 0.0
6075925 30000 0.0
cell_counter 5016.2000
go_explore_return 0.0000
traj_length 222.4000
Check term: 6075925
6076925 1000 0.0
6078925 2000 0.0
6081925 3000 0.0
6085925 4000 0.0
6090925 5000 0.0
6096925 6000 0.0
6103925 7000 0.0
6111925 8000 0.0
6120925 9000 0.0
6130925 10000 0.0
6141925 11000 0.0
6153925 12000 0.0
6166925 13000 0.0
6180925 14000 0.0
6195925 15000 0.0
6211925 16000 0.0
6228925 17000 0.0
6246925 18000 0.0
6265925 19000 0.0
6285925 20000 0.0
6306925 21000 0.0
6328901 21976 0.0
6351877 22976 0.0
6375853 23976 0.0
6400829 24976 0.0
6426805 25976 0.0
6453781 26976 0.0
6481757 27976 0.0
6510733 28976 0.0
6540709 29976 0.0
6571685 30976 0.0
cell_counter 5133.8000
go_explore_return 0.0000
traj_length 216.6000
Check term: 6571685
6572685 1000 0.0
6574685 2000 0.0
6577685 3000 0.0
6581685 4000 0.0
6586685 5000 0.0
6592685 6000 0.0
6599685 7000 0.0
6607685 8000 0.0
6616685 9000 0.0
6626685 10000 0.0
6637685 11000 0.0
6649685 12000 0.0
6662685 13000 0.0
6676685 14000 0.0
6691685 15000 0.0
6707685 16000 0.0
6724685 17000 0.0
6742685 18000 0.0
6761685 19000 0.0
6781685 20000 0.0
6802685 21000 0.0
6824685 22000 0.0
6847685 23000 0.0
6871685 24000 0.0
6896685 25000 0.0
6922685 26000 0.0
6949685 27000 0.0
6977685 28000 0.0
7006685 29000 0.0
7036685 30000 0.0
cell_counter 5065.4000
go_explore_return 0.0000
traj_length 203.4000
Check term: 7036685
7037685 1000 0.0
7039685 2000 0.0
7042685 3000 0.0
7046685 4000 0.0
7051685 5000 0.0
7057685 6000 0.0
7064685 7000 0.0
7072685 8000 0.0
7081685 9000 0.0
7091685 10000 0.0
7102685 11000 0.0
7114685 12000 0.0
7127685 13000 0.0
7141685 14000 0.0
7156685 15000 0.0
7172685 16000 0.0
7189685 17000 0.0
7207685 18000 0.0
7226685 19000 0.0
7246685 20000 0.0
7267685 21000 0.0
7289685 22000 0.0
7312685 23000 0.0
7336685 24000 0.0
7361685 25000 0.0
7387685 26000 0.0
7414685 27000 0.0
7442685 28000 0.0
7471685 29000 0.0
7501685 30000 0.0
cell_counter 5067.0000
go_explore_return 0.0000
traj_length 226.0000
Check term: 7501685
7502685 1000 0.0
7504685 2000 0.0
7507685 3000 0.0
7511685 4000 0.0
7516685 5000 0.0
7522685 6000 0.0
7529685 7000 0.0
7537685 8000 0.0
7546685 9000 0.0
7556685 10000 0.0
7567685 11000 0.0
7579685 12000 0.0
7592685 13000 0.0
7606685 14000 0.0
7621685 15000 0.0
7637685 16000 0.0
7654685 17000 0.0
7672685 18000 0.0
7691685 19000 0.0
7711685 20000 0.0
7732685 21000 0.0
7754685 22000 0.0
7777685 23000 0.0
7801685 24000 0.0
7826646 24961 0.0
7852607 25961 0.0
7879568 26961 0.0
7907529 27961 0.0
7936490 28961 0.0
7966451 29961 0.0
7997412 30961 0.0
cell_counter 5071.4000
go_explore_return 0.0000
traj_length 200.6000
Check term: 7997412
7998412 1000 0.0
8000412 2000 0.0
8003412 3000 0.0
8007412 4000 0.0
8012412 5000 0.0
8018412 6000 0.0
8025412 7000 0.0
8033412 8000 0.0
8042412 9000 0.0
8052412 10000 0.0
8063412 11000 0.0
8075412 12000 0.0
8088412 13000 0.0
8102412 14000 0.0
8117412 15000 0.0
8133412 16000 0.0
8150412 17000 0.0
8168412 18000 0.0
8187412 19000 0.0
8207412 20000 0.0
8228412 21000 0.0
8250412 22000 0.0
8273412 23000 0.0
8297412 24000 0.0
8322412 25000 0.0
8348412 26000 0.0
8375412 27000 0.0
8403412 28000 0.0
8432412 29000 0.0
8462412 30000 0.0
cell_counter 4902.8000
go_explore_return 0.0000
traj_length 233.2000
Check term: 8462412
8463412 1000 0.0
8465412 2000 0.0
8468412 3000 0.0
8472412 4000 0.0
8477412 5000 0.0
8483412 6000 0.0
8490412 7000 0.0
8498412 8000 0.0
8507412 9000 0.0
8517412 10000 0.0
8528412 11000 0.0
8540412 12000 1.0
8553412 13000 1.0
8567412 14000 1.0
8582412 15000 1.0
8598412 16000 1.0
8615412 17000 1.0
8633412 18000 1.0
8652412 19000 1.0
8672412 20000 1.0
8693412 21000 1.0
8715412 22000 1.0
8738412 23000 1.0
8762412 24000 1.0
8787412 25000 1.0
8813412 26000 1.0
8840412 27000 1.0
8868373 27961 1.0
8897334 28961 1.0
8927295 29961 1.0
8958256 30961 1.0
cell_counter 5067.6000
go_explore_return 1.0000
traj_length 275.2000
Check term: 8958256
8959256 1000 0.0
8961256 2000 0.0
8964256 3000 0.0
8968256 4000 0.0
8973256 5000 0.0
8979256 6000 0.0
8986256 7000 0.0
8994256 8000 0.0
9003256 9000 0.0
9013256 10000 0.0
9024256 11000 0.0
9036256 12000 0.0
9049256 13000 0.0
9063256 14000 0.0
9078256 15000 0.0
9094256 16000 0.0
9111256 17000 0.0
9129256 18000 0.0
9148256 19000 0.0
9168256 20000 0.0
9189256 21000 0.0
9211256 22000 0.0
9234256 23000 0.0
9258256 24000 0.0
9283256 25000 0.0
9309256 26000 0.0
9336256 27000 0.0
9364256 28000 0.0
9393256 29000 0.0
9423256 30000 0.0
cell_counter 4831.4000
go_explore_return 0.0000
traj_length 214.0000
Check term: 9423256
9424256 1000 0.0
9426256 2000 0.0
9429256 3000 0.0
9433256 4000 0.0
9438256 5000 0.0
9444256 6000 0.0
9451256 7000 0.0
9459256 8000 0.0
9468256 9000 0.0
9478256 10000 0.0
9489256 11000 0.0
9501256 12000 0.0
9514256 13000 0.0
9528256 14000 0.0
9543256 15000 0.0
9559256 16000 0.0
9576256 17000 0.0
9594256 18000 0.0
9613256 19000 0.0
9633256 20000 0.0
9654256 21000 0.0
9676256 22000 0.0
9699256 23000 0.0
9723256 24000 0.0
9748256 25000 0.0
9774256 26000 0.0
9801256 27000 0.0
9829256 28000 1.0
9858256 29000 1.0
9888256 30000 1.0
cell_counter 4884.2000
go_explore_return 0.6000
traj_length 210.2000
Check term: 9888256
9889256 1000 0.0
9891256 2000 0.0
9894256 3000 0.0
9898256 4000 0.0
9903256 5000 0.0
9909256 6000 0.0
9916256 7000 0.0
9924256 8000 0.0
9933256 9000 0.0
9943256 10000 0.0
9954256 11000 0.0
9966256 12000 0.0
9979256 13000 0.0
9993256 14000 0.0
10008256 15000 0.0
10024256 16000 0.0
10041256 17000 0.0
10059256 18000 0.0
10078256 19000 0.0
10098256 20000 0.0
10119256 21000 0.0
10141256 22000 0.0
10164256 23000 0.0
10188256 24000 0.0
10213256 25000 0.0
10239256 26000 0.0
10266256 27000 0.0
10294256 28000 0.0
10323256 29000 0.0
10353256 30000 0.0
cell_counter 5199.0000
go_explore_return 0.0000
traj_length 215.4000
Check term: 10353256
10354256 1000 0.0
10356256 2000 0.0
10359256 3000 0.0
10363256 4000 0.0
10368256 5000 0.0
10374256 6000 0.0
10381256 7000 0.0
10389256 8000 0.0
10398256 9000 0.0
10408256 10000 0.0
10419256 11000 0.0
10431256 12000 0.0
10444256 13000 0.0
10458256 14000 0.0
10473256 15000 0.0
10489256 16000 0.0
10506256 17000 0.0
10524256 18000 0.0
10543256 19000 0.0
10563256 20000 0.0
10584256 21000 0.0
10606256 22000 0.0
10629256 23000 0.0
10653256 24000 0.0
10678256 25000 0.0
10704256 26000 0.0
10731256 27000 0.0
10759256 28000 0.0
10788256 29000 0.0
10818256 30000 0.0
cell_counter 5071.8000
go_explore_return 0.0000
traj_length 245.4000
Check term: 10818256
10819256 1000 0.0
10821256 2000 0.0
10824256 3000 0.0
10828256 4000 0.0
10833256 5000 0.0
10839256 6000 0.0
10846256 7000 0.0
10854256 8000 0.0
10863256 9000 0.0
10873256 10000 0.0
10884256 11000 0.0
10896256 12000 0.0
10909256 13000 0.0
10923256 14000 0.0
10938256 15000 0.0
10954256 16000 0.0
10971256 17000 0.0
10989256 18000 0.0
11008256 19000 0.0
11028256 20000 0.0
11049256 21000 0.0
11071256 22000 0.0
11094256 23000 0.0
11118256 24000 0.0
11143256 25000 0.0
11169256 26000 0.0
11196256 27000 0.0
11224256 28000 0.0
11253256 29000 0.0
11283256 30000 0.0
cell_counter 4934.0000
go_explore_return 0.0000
traj_length 166.0000
Check term: 11283256
11284256 1000 0.0
11286256 2000 0.0
11289256 3000 0.0
11293256 4000 0.0
11298256 5000 0.0
11304256 6000 0.0
11311256 7000 0.0
11319256 8000 0.0
11328256 9000 0.0
11338256 10000 0.0
11349256 11000 0.0
11361256 12000 0.0
11374256 13000 0.0
11388256 14000 0.0
11403256 15000 0.0
11419256 16000 0.0
11436256 17000 0.0
11454256 18000 0.0
11473256 19000 0.0
11493256 20000 0.0
11514256 21000 0.0
11536256 22000 0.0
11559256 23000 0.0
11583256 24000 0.0
11608256 25000 0.0
11634256 26000 0.0
11661256 27000 0.0
11689256 28000 0.0
11718256 29000 0.0
11748256 30000 0.0
cell_counter 4744.8000
go_explore_return 0.0000
traj_length 223.6000
Check term: 11748256
11749256 1000 0.0
11751256 2000 0.0
11754256 3000 0.0
11758256 4000 0.0
11763256 5000 0.0
11769256 6000 0.0
11776256 7000 0.0
11784256 8000 0.0
11793256 9000 0.0
11803256 10000 0.0
11814256 11000 0.0
11826256 12000 0.0
11839256 13000 0.0
11853256 14000 0.0
11868256 15000 0.0
11884256 16000 0.0
11901256 17000 0.0
11919256 18000 0.0
11938256 19000 0.0
11958256 20000 0.0
11979256 21000 0.0
12001256 22000 0.0
12024256 23000 0.0
12048256 24000 0.0
12073256 25000 0.0
12099256 26000 0.0
12126256 27000 0.0
12154256 28000 0.0
12183256 29000 0.0
12213256 30000 0.0
cell_counter 4746.4000
go_explore_return 0.0000
traj_length 249.2000
Check term: 12213256
12214256 1000 0.0
12216256 2000 0.0
12219256 3000 0.0
12223256 4000 0.0
12228256 5000 0.0
12234256 6000 0.0
12241256 7000 0.0
12249256 8000 0.0
12258256 9000 0.0
12268256 10000 0.0
12279256 11000 0.0
12291256 12000 0.0
12304256 13000 0.0
12318256 14000 0.0
12333256 15000 0.0
12349256 16000 0.0
12366256 17000 0.0
12384256 18000 0.0
12403256 19000 0.0
12423256 20000 0.0
12444256 21000 0.0
12466256 22000 0.0
12489256 23000 0.0
12513256 24000 0.0
12538256 25000 0.0
12564256 26000 0.0
12591256 27000 0.0
12619256 28000 0.0
12648256 29000 0.0
12678256 30000 0.0
cell_counter 4688.6000
go_explore_return 0.0000
traj_length 153.8000
Check term: 12678256
12679256 1000 0.0
12681256 2000 0.0
12684256 3000 0.0
12688256 4000 0.0
12693256 5000 0.0
12699256 6000 0.0
12706256 7000 0.0
12714256 8000 0.0
12723256 9000 0.0
12733256 10000 0.0
12744256 11000 0.0
12756256 12000 0.0
12769256 13000 0.0
12783256 14000 0.0
12798256 15000 0.0
12814256 16000 0.0
12831256 17000 0.0
12849256 18000 0.0
12868256 19000 0.0
12888256 20000 0.0
12909256 21000 0.0
12931256 22000 0.0
12954256 23000 0.0
12978256 24000 0.0
13003256 25000 0.0
13029256 26000 0.0
13056256 27000 0.0
13084256 28000 0.0
13113256 29000 0.0
13143256 30000 0.0
cell_counter 4719.8000
go_explore_return 0.0000
traj_length 180.6000
Check term: 13143256
13144256 1000 0.0
13146256 2000 0.0
13149256 3000 0.0
13153256 4000 0.0
13158256 5000 0.0
13164256 6000 0.0
13171256 7000 0.0
13179256 8000 0.0
13188256 9000 0.0
13198256 10000 0.0
13209256 11000 0.0
13221256 12000 0.0
13234256 13000 0.0
13248256 14000 0.0
13263256 15000 0.0
13279256 16000 0.0
