Check term: 0
CHECK pred_action tensor([[[ 0.0178, -0.0255,  0.0344,  ...,  0.0160, -0.0237, -0.0265],
         [ 0.0162, -0.0280,  0.0323,  ...,  0.0149, -0.0229, -0.0248],
         [ 0.0223, -0.0260,  0.0327,  ...,  0.0150, -0.0208, -0.0258],
         ...,
         [ 0.0162, -0.0279,  0.0415,  ...,  0.0153, -0.0175, -0.0310],
         [ 0.0173, -0.0247,  0.0418,  ...,  0.0154, -0.0204, -0.0301],
         [ 0.0212, -0.0306,  0.0395,  ...,  0.0158, -0.0212, -0.0326]],

        [[ 0.0104, -0.0218,  0.0355,  ...,  0.0195, -0.0268, -0.0304],
         [ 0.0122, -0.0225,  0.0378,  ...,  0.0202, -0.0305, -0.0303],
         [ 0.0116, -0.0179,  0.0374,  ...,  0.0190, -0.0333, -0.0325],
         ...,
         [ 0.0036, -0.0270,  0.0298,  ...,  0.0223, -0.0332, -0.0256],
         [ 0.0027, -0.0257,  0.0318,  ...,  0.0203, -0.0356, -0.0235],
         [ 0.0036, -0.0276,  0.0363,  ...,  0.0248, -0.0430, -0.0259]],

        [[ 0.0163, -0.0285,  0.0390,  ...,  0.0160, -0.0219, -0.0197],
         [ 0.0174, -0.0262,  0.0405,  ...,  0.0204, -0.0165, -0.0278],
         [ 0.0165, -0.0236,  0.0403,  ...,  0.0168, -0.0252, -0.0268],
         ...,
         [ 0.0063, -0.0239,  0.0349,  ...,  0.0273, -0.0298, -0.0222],
         [ 0.0087, -0.0242,  0.0362,  ...,  0.0259, -0.0305, -0.0222],
         [ 0.0098, -0.0225,  0.0390,  ...,  0.0246, -0.0316, -0.0228]],

        ...,

        [[ 0.0081, -0.0226,  0.0284,  ...,  0.0246, -0.0280, -0.0299],
         [ 0.0116, -0.0230,  0.0301,  ...,  0.0241, -0.0272, -0.0305],
         [ 0.0130, -0.0187,  0.0328,  ...,  0.0261, -0.0268, -0.0304],
         ...,
         [ 0.0050, -0.0237,  0.0291,  ...,  0.0221, -0.0244, -0.0304],
         [ 0.0043, -0.0239,  0.0280,  ...,  0.0248, -0.0213, -0.0311],
         [ 0.0057, -0.0234,  0.0277,  ...,  0.0217, -0.0267, -0.0299]],

        [[ 0.0153, -0.0182,  0.0352,  ...,  0.0160, -0.0267, -0.0249],
         [ 0.0149, -0.0199,  0.0352,  ...,  0.0162, -0.0249, -0.0244],
         [ 0.0178, -0.0171,  0.0361,  ...,  0.0166, -0.0260, -0.0233],
         ...,
         [ 0.0234, -0.0294,  0.0250,  ...,  0.0109, -0.0242, -0.0216],
         [ 0.0219, -0.0235,  0.0273,  ...,  0.0157, -0.0236, -0.0243],
         [ 0.0215, -0.0278,  0.0296,  ...,  0.0097, -0.0219, -0.0224]],

        [[ 0.0073, -0.0288,  0.0252,  ...,  0.0173, -0.0277, -0.0184],
         [ 0.0062, -0.0260,  0.0274,  ...,  0.0182, -0.0289, -0.0177],
         [ 0.0054, -0.0271,  0.0277,  ...,  0.0173, -0.0295, -0.0179],
         ...,
         [ 0.0062, -0.0205,  0.0294,  ...,  0.0224, -0.0224, -0.0248],
         [ 0.0060, -0.0231,  0.0295,  ...,  0.0234, -0.0189, -0.0240],
         [ 0.0043, -0.0251,  0.0284,  ...,  0.0223, -0.0170, -0.0239]]],
       device='cuda:0', grad_fn=<ViewBackward0>)
CHECK avail_actions: tensor([[[1., 1., 1.,  ..., 1., 1., 1.],
         [1., 1., 1.,  ..., 1., 1., 1.],
         [1., 1., 1.,  ..., 1., 1., 1.],
         ...,
         [1., 1., 1.,  ..., 1., 1., 1.],
         [1., 1., 1.,  ..., 1., 1., 1.],
         [1., 1., 1.,  ..., 1., 1., 1.]],

        [[1., 1., 1.,  ..., 1., 1., 1.],
         [1., 1., 1.,  ..., 1., 1., 1.],
         [1., 1., 1.,  ..., 1., 1., 1.],
         ...,
         [1., 1., 1.,  ..., 1., 1., 1.],
         [1., 1., 1.,  ..., 1., 1., 1.],
         [1., 1., 1.,  ..., 1., 1., 1.]],

        [[1., 1., 1.,  ..., 1., 1., 1.],
         [1., 1., 1.,  ..., 1., 1., 1.],
         [1., 1., 1.,  ..., 1., 1., 1.],
         ...,
         [1., 1., 1.,  ..., 1., 1., 1.],
         [1., 1., 1.,  ..., 1., 1., 1.],
         [1., 1., 1.,  ..., 1., 1., 1.]],

        ...,

        [[1., 1., 1.,  ..., 1., 1., 1.],
         [1., 1., 1.,  ..., 1., 1., 1.],
         [1., 1., 1.,  ..., 1., 1., 1.],
         ...,
         [1., 1., 1.,  ..., 1., 1., 1.],
         [1., 1., 1.,  ..., 1., 1., 1.],
         [1., 1., 1.,  ..., 1., 1., 1.]],

        [[1., 1., 1.,  ..., 1., 1., 1.],
         [1., 1., 1.,  ..., 1., 1., 1.],
         [1., 1., 1.,  ..., 1., 1., 1.],
         ...,
         [1., 1., 1.,  ..., 1., 1., 1.],
         [1., 1., 1.,  ..., 1., 1., 1.],
         [1., 1., 1.,  ..., 1., 1., 1.]],

        [[1., 1., 1.,  ..., 1., 1., 1.],
         [1., 1., 1.,  ..., 1., 1., 1.],
         [1., 1., 1.,  ..., 1., 1., 1.],
         ...,
         [1., 1., 1.,  ..., 1., 1., 1.],
         [1., 1., 1.,  ..., 1., 1., 1.],
         [1., 1., 1.,  ..., 1., 1., 1.]]], device='cuda:0')
inverse_loss tensor(195.6014, device='cuda:0', grad_fn=<DivBackward1>)
