Check term: 0
CHECK pred_action tensor([[[-0.0298,  0.0261,  0.0282,  ..., -0.0083,  0.0406,  0.0283],
         [-0.0324,  0.0247,  0.0276,  ..., -0.0101,  0.0432,  0.0314],
         [-0.0304,  0.0260,  0.0292,  ..., -0.0093,  0.0448,  0.0288],
         ...,
         [-0.0369,  0.0302,  0.0251,  ..., -0.0162,  0.0404,  0.0221],
         [-0.0347,  0.0299,  0.0223,  ..., -0.0170,  0.0376,  0.0211],
         [-0.0333,  0.0315,  0.0254,  ..., -0.0165,  0.0350,  0.0208]],

        [[-0.0325,  0.0355,  0.0310,  ..., -0.0072,  0.0347,  0.0233],
         [-0.0280,  0.0403,  0.0248,  ..., -0.0086,  0.0306,  0.0191],
         [-0.0320,  0.0408,  0.0270,  ..., -0.0083,  0.0303,  0.0217],
         ...,
         [-0.0465,  0.0344,  0.0184,  ..., -0.0080,  0.0307,  0.0253],
         [-0.0452,  0.0358,  0.0243,  ..., -0.0063,  0.0332,  0.0290],
         [-0.0439,  0.0335,  0.0218,  ..., -0.0080,  0.0308,  0.0277]],

        [[-0.0307,  0.0428,  0.0147,  ..., -0.0198,  0.0310,  0.0193],
         [-0.0358,  0.0439,  0.0205,  ..., -0.0157,  0.0298,  0.0197],
         [-0.0350,  0.0415,  0.0217,  ..., -0.0165,  0.0282,  0.0212],
         ...,
         [-0.0417,  0.0380,  0.0145,  ..., -0.0173,  0.0276,  0.0202],
         [-0.0405,  0.0337,  0.0136,  ..., -0.0160,  0.0291,  0.0191],
         [-0.0416,  0.0370,  0.0164,  ..., -0.0149,  0.0291,  0.0179]],

        ...,

        [[-0.0286,  0.0419,  0.0172,  ..., -0.0122,  0.0290,  0.0188],
         [-0.0290,  0.0421,  0.0214,  ..., -0.0130,  0.0285,  0.0168],
         [-0.0299,  0.0405,  0.0214,  ..., -0.0135,  0.0295,  0.0193],
         ...,
         [-0.0220,  0.0455,  0.0182,  ..., -0.0117,  0.0259,  0.0215],
         [-0.0256,  0.0445,  0.0205,  ..., -0.0056,  0.0268,  0.0237],
         [-0.0237,  0.0456,  0.0189,  ..., -0.0045,  0.0283,  0.0221]],

        [[-0.0410,  0.0336,  0.0203,  ..., -0.0118,  0.0357,  0.0288],
         [-0.0413,  0.0328,  0.0179,  ..., -0.0090,  0.0347,  0.0272],
         [-0.0421,  0.0318,  0.0223,  ..., -0.0067,  0.0368,  0.0285],
         ...,
         [-0.0469,  0.0378,  0.0124,  ..., -0.0162,  0.0291,  0.0212],
         [-0.0488,  0.0378,  0.0148,  ..., -0.0169,  0.0319,  0.0233],
         [-0.0474,  0.0385,  0.0137,  ..., -0.0169,  0.0322,  0.0233]],

        [[-0.0506,  0.0194,  0.0314,  ..., -0.0217,  0.0314,  0.0335],
         [-0.0482,  0.0210,  0.0293,  ..., -0.0190,  0.0275,  0.0294],
         [-0.0502,  0.0149,  0.0290,  ..., -0.0194,  0.0300,  0.0328],
         ...,
         [-0.0480,  0.0349,  0.0226,  ..., -0.0189,  0.0252,  0.0260],
         [-0.0473,  0.0317,  0.0166,  ..., -0.0225,  0.0263,  0.0240],
         [-0.0467,  0.0349,  0.0238,  ..., -0.0225,  0.0276,  0.0251]]],
       device='cuda:0', grad_fn=<ViewBackward0>)
CHECK avail_actions: tensor([[[2., 2., 3., 1.],
         [2., 4., 2., 0.],
         [3., 0., 1., 2.],
         ...,
         [0., 0., 2., 4.],
         [2., 0., 1., 1.],
         [0., 3., 4., 3.]],

        [[0., 1., 4., 3.],
         [2., 0., 4., 2.],
         [0., 4., 4., 3.],
         ...,
         [3., 4., 4., 3.],
         [4., 0., 3., 3.],
         [4., 3., 0., 0.]],

        [[2., 4., 3., 0.],
         [0., 3., 0., 1.],
         [2., 1., 0., 3.],
         ...,
         [1., 1., 3., 1.],
         [0., 0., 4., 1.],
         [4., 2., 0., 1.]],

        ...,

        [[0., 4., 4., 2.],
         [4., 3., 2., 1.],
         [1., 1., 3., 0.],
         ...,
         [1., 0., 3., 2.],
         [1., 0., 4., 2.],
         [4., 4., 0., 0.]],

        [[1., 3., 4., 4.],
         [3., 1., 1., 2.],
         [0., 4., 4., 0.],
         ...,
         [4., 0., 0., 3.],
         [0., 4., 3., 0.],
         [4., 0., 3., 0.]],

        [[3., 2., 0., 4.],
         [2., 0., 0., 1.],
         [4., 4., 4., 3.],
         ...,
         [4., 2., 1., 1.],
         [3., 3., 0., 4.],
         [3., 2., 4., 3.]]], device='cuda:0')
