Check term: 0
2500 2500 0.0
6302 3802 1.0
11397 5095 1.0
Check term: 11397
13897 2500 0.0
17680 3783 0.0
22133 4453 0.0
27206 5073 0.0
cell_counter 2148.6000
go_explore_return 0.2000
traj_length 500.0000
Check term: 27206
29706 2500 0.0
33470 3764 0.0
38272 4802 0.0
44257 5985 0.0
Check term: 44257
46757 2500 0.0
50260 3503 0.0
54980 4720 0.0
60635 5655 1.0
cell_counter 2082.2000
go_explore_return 0.2000
traj_length 500.0000
Check term: 60635
63135 2500 0.0
66978 3843 0.0
72352 5374 0.0
Check term: 72352
74852 2500 0.0
78656 3804 0.0
83570 4914 1.0
89874 6304 1.0
cell_counter 2341.0000
go_explore_return 0.4000
traj_length 500.0000
Check term: 89874
92374 2500 0.0
95664 3290 0.0
100248 4584 0.0
105840 5592 0.0
Check term: 105840
108340 2500 0.0
112230 3890 0.0
117362 5132 0.0
cell_counter 2165.8000
go_explore_return 0.0000
traj_length 500.0000
Check term: 117362
119862 2500 0.0
124369 4507 0.0
129824 5455 0.0
Check term: 129824
132324 2500 0.0
136103 3779 0.0
141347 5244 0.0
cell_counter 2173.8000
go_explore_return 0.0000
traj_length 500.0000
Check term: 141347
143847 2500 0.0
147665 3818 0.0
153064 5399 0.0
Check term: 153064
155564 2500 0.0
160102 4538 0.0
165932 5830 0.0
cell_counter 2147.0000
go_explore_return 0.0000
traj_length 500.0000
Check term: 165932
168432 2500 0.0
171967 3535 0.0
176268 4301 0.0
181787 5519 0.0
Check term: 181787
184287 2500 0.0
187608 3321 0.0
191605 3997 0.0
196058 4453 0.0
201319 5261 0.0
cell_counter 2198.2000
go_explore_return 0.0000
traj_length 500.0000
Check term: 201319
203819 2500 0.0
207284 3465 0.0
211724 4440 0.0
217230 5506 0.0
Check term: 217230
219730 2500 1.0
223911 4181 1.0
229130 5219 1.0
cell_counter 2289.8000
go_explore_return 0.6000
traj_length 500.0000
Check term: 229130
231630 2500 0.0
235534 3904 0.0
240132 4598 0.0
245845 5713 0.0
Check term: 245845
248345 2500 0.0
252045 3700 0.0
256879 4834 0.0
263065 6186 0.0
cell_counter 2411.8000
go_explore_return 0.0000
traj_length 500.0000
Check term: 263065
265565 2500 0.0
269467 3902 0.0
274815 5348 0.0
Check term: 274815
277315 2500 0.0
281024 3709 0.0
285968 4944 0.0
292275 6307 0.0
cell_counter 2385.4000
go_explore_return 0.0000
traj_length 500.0000
Check term: 292275
294775 2500 0.0
298091 3316 0.0
303103 5012 0.0
Check term: 303103
305603 2500 0.0
310032 4429 0.0
316193 6161 0.0
cell_counter 2119.8000
go_explore_return 0.0000
traj_length 500.0000
Check term: 316193
318693 2500 0.0
322244 3551 0.0
327207 4963 0.0
333664 6457 0.0
Check term: 333664
336164 2500 0.0
340063 3899 0.0
345046 4983 0.0
351509 6463 0.0
cell_counter 2486.8000
go_explore_return 0.0000
traj_length 500.0000
Check term: 351509
354009 2500 0.0
358359 4350 0.0
363713 5354 0.0
Check term: 363713
366213 2500 0.0
369846 3633 0.0
374031 4185 0.0
379824 5793 0.0
cell_counter 2165.4000
go_explore_return 0.0000
traj_length 500.0000
Check term: 379824
382324 2500 0.0
385928 3604 0.0
390457 4529 0.0
395972 5515 0.0
Check term: 395972
398472 2500 0.0
402265 3793 0.0
407396 5131 0.0
cell_counter 2206.0000
go_explore_return 0.0000
traj_length 500.0000
Check term: 407396
409896 2500 0.0
413307 3411 0.0
417650 4343 0.0
423359 5709 0.0
Check term: 423359
425859 2500 0.0
429620 3761 0.0
433897 4277 0.0
439153 5256 0.0
cell_counter 2256.6000
go_explore_return 0.0000
traj_length 500.0000
Check term: 439153
441653 2500 0.0
445089 3436 0.0
449500 4411 0.0
455601 6101 0.0
Check term: 455601
458101 2500 0.0
461569 3468 0.0
465579 4010 0.0
470569 4990 0.0
476647 6078 0.0
cell_counter 1947.4000
go_explore_return 0.0000
traj_length 500.0000
Check term: 476647
479147 2500 0.0
483225 4078 0.0
487985 4760 0.0
493902 5917 0.0
Check term: 493902
496402 2500 0.0
500112 3710 0.0
504829 4717 0.0
510702 5873 0.0
cell_counter 2268.4000
go_explore_return 0.0000
traj_length 500.0000
Check term: 510702
513202 2500 0.0
517163 3961 0.0
522304 5141 0.0
Check term: 522304
524804 2500 0.0
528162 3358 0.0
532348 4186 0.0
537358 5010 0.0
cell_counter 2119.4000
go_explore_return 0.0000
traj_length 500.0000
Check term: 537358
539858 2500 0.0
543955 4097 0.0
549237 5282 0.0
Check term: 549237
551737 2500 0.0
555660 3923 0.0
560357 4697 0.0
566092 5735 0.0
cell_counter 2389.4000
go_explore_return 0.0000
traj_length 500.0000
Check term: 566092
568592 2500 0.0
572940 4348 0.0
578083 5143 0.0
Check term: 578083
580583 2500 0.0
584135 3552 0.0
588645 4510 0.0
594394 5749 0.0
cell_counter 2248.4000
go_explore_return 0.0000
traj_length 500.0000
Check term: 594394
596894 2500 0.0
600610 3716 0.0
605428 4818 0.0
610819 5391 0.0
Check term: 610819
613319 2500 0.0
617040 3721 0.0
622233 5193 0.0
cell_counter 2179.4000
go_explore_return 0.0000
traj_length 500.0000
Check term: 622233
624733 2500 1.0
628074 3341 1.0
632570 4496 1.0
638227 5657 1.0
Check term: 638227
640727 2500 0.0
644132 3405 0.0
648296 4164 0.0
653339 5043 0.0
cell_counter 2046.6000
go_explore_return 0.2000
traj_length 500.0000
Check term: 653339
655839 2500 0.0
658857 3018 0.0
663085 4228 0.0
668583 5498 0.0
Check term: 668583
671083 2500 0.0
674553 3470 0.0
679121 4568 0.0
685043 5922 0.0
cell_counter 2185.4000
go_explore_return 0.0000
traj_length 500.0000
Check term: 685043
687543 2500 0.0
690665 3122 0.0
694960 4295 0.0
699944 4984 0.0
705847 5903 0.0
cell_counter 2092.6000
go_explore_return 0.0000
traj_length 500.0000
Check term: 705847
708347 2500 0.0
711459 3112 0.0
715396 3937 0.0
719987 4591 0.0
725580 5593 0.0
Check term: 725580
728080 2500 0.0
731672 3592 0.0
