Check term: 0
5000 5000 0.0
13064 8064 0.0
23962 10898 0.0
37608 13646 0.0
52865 15257 0.0
69550 16685 0.0
88557 19007 0.0
109408 20851 0.0
132523 23115 0.0
158199 25676 0.0
185819 27620 0.0
215855 30036 0.0
247649 31794 0.0
281723 34074 0.0
317550 35827 0.0
355963 38413 0.0
396611 40648 0.0
438810 42199 0.0
483383 44573 0.0
530027 46644 0.0
577746 47719 0.0
627400 49654 0.0
678968 51568 0.0
cell_counter 7882.6000
go_explore_return 0.0000
traj_length 500.0000
Check term: 678968
683968 5000 0.0
691151 7183 0.0
700923 9772 0.0
712354 11431 0.0
725366 13012 0.0
739591 14225 0.0
755238 15647 0.0
772219 16981 0.0
791114 18895 0.0
