Check term: 0
(array([0., 6., 1., 1., 0., 0., 0., 1., 0., 1., 0., 0., 0., 0., 0., 0., 1.,
       0., 0., 0., 0., 0., 0., 1., 0., 0., 0., 1., 0., 0., 1., 0., 0., 0.,
       0., 0., 1., 1., 0., 0., 0., 1., 0., 0., 1., 0., 0., 0., 0., 0., 0.,
       1., 0., 0., 0., 0., 0., 0., 1., 0., 0., 0., 0., 0., 0., 1., 0., 0.,
       0., 1., 0.], dtype=float32), array([ 6., 11.,  1.,  0.,  0.,  1.,  0.,  1.,  0.,  1.,  0.,  0.,  0.,
        0.,  0.,  0.,  1.,  0.,  0.,  0.,  0.,  0.,  0.,  1.,  0.,  0.,
        0.,  1.,  0.,  0.,  1.,  0.,  0.,  0.,  0.,  0.,  1.,  0.,  0.,
        1.,  0.,  1.,  0.,  0.,  1.,  0.,  0.,  0.,  1.,  0.,  0.,  1.,
        0.,  0.,  0.,  0.,  0.,  0.,  1.,  0.,  0.,  0.,  0.,  0.,  0.,
        1.,  0.,  0.,  0.,  1.,  0.], dtype=float32), array([ 9., 10.,  1.,  0.,  0.,  0.,  1.,  1.,  0.,  1.,  0.,  0.,  0.,
        0.,  0.,  0.,  1.,  0.,  0.,  0.,  0.,  0.,  0.,  1.,  0.,  0.,
        0.,  0.,  0.,  0.,  1.,  0.,  0.,  0.,  1.,  1.,  1.,  0.,  0.,
        0.,  1.,  1.,  0.,  0.,  1.,  0.,  0.,  0.,  0.,  0.,  0.,  1.,
        0.,  0.,  0.,  0.,  0.,  0.,  1.,  0.,  0.,  0.,  0.,  0.,  0.,
        1.,  0.,  0.,  0.,  0.,  0.], dtype=float32), array([ 3., 18.,  1.,  0.,  0.,  0.,  1.,  1.,  0.,  1.,  0.,  0.,  0.,
        1.,  0.,  0.,  1.,  0.,  0.,  0.,  0.,  0.,  0.,  1.,  0.,  0.,
        0.,  0.,  0.,  0.,  1.,  0.,  0.,  0.,  0.,  0.,  1.,  0.,  0.,
        0.,  1.,  1.,  0.,  0.,  1.,  0.,  0.,  0.,  0.,  0.,  0.,  1.,
        0.,  0.,  0.,  0.,  0.,  0.,  1.,  0.,  0.,  0.,  0.,  0.,  0.,
        1.,  0.,  0.,  0.,  0.,  0.], dtype=float32))
((0.0, 6.0, 1.0, 1.0, 0.0, 0.0, 0.0, 1.0, 0.0, 1.0, 0.0, 0.0, 0.0, 0.0, 0.0, 0.0, 1.0, 0.0, 0.0, 0.0, 0.0, 0.0, 0.0, 1.0, 0.0, 0.0, 0.0, 1.0, 0.0, 0.0, 1.0, 0.0, 0.0, 0.0, 0.0, 0.0, 1.0, 1.0, 0.0, 0.0, 0.0, 1.0, 0.0, 0.0, 1.0, 0.0, 0.0, 0.0, 0.0, 0.0, 0.0, 1.0, 0.0, 0.0, 0.0, 0.0, 0.0, 0.0, 1.0, 0.0, 0.0, 0.0, 0.0, 0.0, 0.0, 1.0, 0.0, 0.0, 0.0, 1.0, 0.0), (6.0, 11.0, 1.0, 0.0, 0.0, 1.0, 0.0, 1.0, 0.0, 1.0, 0.0, 0.0, 0.0, 0.0, 0.0, 0.0, 1.0, 0.0, 0.0, 0.0, 0.0, 0.0, 0.0, 1.0, 0.0, 0.0, 0.0, 1.0, 0.0, 0.0, 1.0, 0.0, 0.0, 0.0, 0.0, 0.0, 1.0, 0.0, 0.0, 1.0, 0.0, 1.0, 0.0, 0.0, 1.0, 0.0, 0.0, 0.0, 1.0, 0.0, 0.0, 1.0, 0.0, 0.0, 0.0, 0.0, 0.0, 0.0, 1.0, 0.0, 0.0, 0.0, 0.0, 0.0, 0.0, 1.0, 0.0, 0.0, 0.0, 1.0, 0.0), (9.0, 10.0, 1.0, 0.0, 0.0, 0.0, 1.0, 1.0, 0.0, 1.0, 0.0, 0.0, 0.0, 0.0, 0.0, 0.0, 1.0, 0.0, 0.0, 0.0, 0.0, 0.0, 0.0, 1.0, 0.0, 0.0, 0.0, 0.0, 0.0, 0.0, 1.0, 0.0, 0.0, 0.0, 1.0, 1.0, 1.0, 0.0, 0.0, 0.0, 1.0, 1.0, 0.0, 0.0, 1.0, 0.0, 0.0, 0.0, 0.0, 0.0, 0.0, 1.0, 0.0, 0.0, 0.0, 0.0, 0.0, 0.0, 1.0, 0.0, 0.0, 0.0, 0.0, 0.0, 0.0, 1.0, 0.0, 0.0, 0.0, 0.0, 0.0), (3.0, 18.0, 1.0, 0.0, 0.0, 0.0, 1.0, 1.0, 0.0, 1.0, 0.0, 0.0, 0.0, 1.0, 0.0, 0.0, 1.0, 0.0, 0.0, 0.0, 0.0, 0.0, 0.0, 1.0, 0.0, 0.0, 0.0, 0.0, 0.0, 0.0, 1.0, 0.0, 0.0, 0.0, 0.0, 0.0, 1.0, 0.0, 0.0, 0.0, 1.0, 1.0, 0.0, 0.0, 1.0, 0.0, 0.0, 0.0, 0.0, 0.0, 0.0, 1.0, 0.0, 0.0, 0.0, 0.0, 0.0, 0.0, 1.0, 0.0, 0.0, 0.0, 0.0, 0.0, 0.0, 1.0, 0.0, 0.0, 0.0, 0.0, 0.0))
