Check term: 0
[2.5 0. ] [1. 0.]
[0 0 0 0 0 0 0 0 0 0]
start_cell: 3361574653300107821
start_cell: 3361574653300107821
start_cell: 3361574653300107821
start_cell: 3361574653300107821
start_cell: 3361574653300107821
start_cell: 3361574653300107821
start_cell: 3361574653300107821
start_cell: 3361574653300107821
start_cell: 3361574653300107821
start_cell: 3361574653300107821
500 500 0.0
[1.65075567 0.         1.65075567 1.65075567 1.65075567 1.65075567
 1.65075567 1.65075567 1.65075567 1.65075567 1.65075567 1.65075567
 1.65075567 1.65075567 1.65075567 1.65075567 1.65075567 1.65075567
 1.65075567 1.65075567 1.65075567 1.65075567 1.65075567 1.65075567
 1.65075567 1.65075567 1.65075567 1.65075567 1.65075567 1.65075567
 1.65075567 1.65075567 1.65075567 1.65075567 1.65075567 1.65075567
 1.65075567 1.65075567 1.65075567 1.65075567 1.65075567 1.65075567
 1.65075567 1.65075567 1.65075567 1.65075567 1.65075567 1.65075567
 1.65075567 1.65075567 1.56496923 1.56496923 1.65075567 1.65075567
 1.65075567 1.65075567 1.65075567 1.65075567 1.65075567 1.65075567
 1.65075567 1.65075567 1.65075567 1.65075567 1.65075567 1.65075567
 1.65075567 1.65075567 1.65075567 1.65075567 1.65075567 1.65075567
 1.65075567 1.65075567 1.65075567 1.65075567 1.65075567 1.65075567
 1.65075567 1.65075567 1.65075567 1.65075567 1.65075567 1.65075567
 1.65075567 1.65075567 1.65075567 1.65075567 1.65075567 1.65075567
 1.65075567 1.65075567 1.65075567 1.65075567 1.65075567 1.65075567
 1.65075567 1.65075567 1.65075567 1.65075567 1.65075567 1.65075567
 1.65075567 1.65075567 1.65075567 1.65075567 1.65075567 1.65075567
 1.65075567 1.65075567 1.65075567 1.65075567 1.65075567 1.65075567
 1.65075567 1.65075567 1.65075567 1.65075567 1.65075567 1.65075567
 1.65075567 1.65075567 1.65075567 1.65075567 1.65075567 1.65075567
 1.65075567 1.65075567 1.65075567 1.65075567 1.65075567 1.65075567
 1.65075567 1.65075567 1.65075567 1.65075567 1.65075567 1.65075567
 1.65075567 1.65075567 1.65075567 1.65075567 1.65075567 1.65075567
 1.65075567 1.65075567 1.65075567 1.65075567 1.65075567 1.65075567
 1.65075567 1.65075567 1.65075567 1.65075567 1.65075567 1.65075567
 1.65075567 1.65075567 1.65075567 1.65075567 1.65075567 1.65075567
 1.65075567 1.65075567] [0.00613888 0.         0.00613888 0.00613888 0.00613888 0.00613888
 0.00613888 0.00613888 0.00613888 0.00613888 0.00613888 0.00613888
 0.00613888 0.00613888 0.00613888 0.00613888 0.00613888 0.00613888
 0.00613888 0.00613888 0.00613888 0.00613888 0.00613888 0.00613888
 0.00613888 0.00613888 0.00613888 0.00613888 0.00613888 0.00613888
 0.00613888 0.00613888 0.00613888 0.00613888 0.00613888 0.00613888
 0.00613888 0.00613888 0.00613888 0.00613888 0.00613888 0.00613888
 0.00613888 0.00613888 0.00613888 0.00613888 0.00613888 0.00613888
 0.00613888 0.00613888 0.00581986 0.00581986 0.00613888 0.00613888
 0.00613888 0.00613888 0.00613888 0.00613888 0.00613888 0.00613888
 0.00613888 0.00613888 0.00613888 0.00613888 0.00613888 0.00613888
 0.00613888 0.00613888 0.00613888 0.00613888 0.00613888 0.00613888
 0.00613888 0.00613888 0.00613888 0.00613888 0.00613888 0.00613888
 0.00613888 0.00613888 0.00613888 0.00613888 0.00613888 0.00613888
 0.00613888 0.00613888 0.00613888 0.00613888 0.00613888 0.00613888
 0.00613888 0.00613888 0.00613888 0.00613888 0.00613888 0.00613888
 0.00613888 0.00613888 0.00613888 0.00613888 0.00613888 0.00613888
 0.00613888 0.00613888 0.00613888 0.00613888 0.00613888 0.00613888
 0.00613888 0.00613888 0.00613888 0.00613888 0.00613888 0.00613888
 0.00613888 0.00613888 0.00613888 0.00613888 0.00613888 0.00613888
 0.00613888 0.00613888 0.00613888 0.00613888 0.00613888 0.00613888
 0.00613888 0.00613888 0.00613888 0.00613888 0.00613888 0.00613888
 0.00613888 0.00613888 0.00613888 0.00613888 0.00613888 0.00613888
 0.00613888 0.00613888 0.00613888 0.00613888 0.00613888 0.00613888
 0.00613888 0.00613888 0.00613888 0.00613888 0.00613888 0.00613888
 0.00613888 0.00613888 0.00613888 0.00613888 0.00613888 0.00613888
 0.00613888 0.00613888 0.00613888 0.00613888 0.00613888 0.00613888
 0.00613888 0.00613888]
[ 97   7  57 157 103 140  13   8 102 142]
start_cell: 8448371317199010075
start_cell: 4774171999706977165
start_cell: 3300617502583375553
start_cell: 8287748703011137799
start_cell: 5028955645926327162
start_cell: 1001604594360211225
start_cell: 1661041676271115585
start_cell: 8104271422552824905
start_cell: 2775709558977837238
start_cell: 1707617398063187593
1500 1000 0.0
[1.65075567 0.         1.65075567 1.65075567 1.65075567 1.65075567
 1.65075567 1.65075567 1.65075567 1.65075567 1.65075567 1.65075567
 1.65075567 1.65075567 1.65075567 1.65075567 1.65075567 1.65075567
 1.65075567 1.65075567 1.65075567 1.65075567 1.65075567 1.65075567
 1.65075567 1.65075567 1.65075567 1.65075567 1.65075567 1.65075567
 1.65075567 1.65075567 1.65075567 1.65075567 1.65075567 1.65075567
 1.65075567 1.65075567 1.65075567 1.65075567 1.65075567 1.65075567
 1.65075567 1.65075567 1.65075567 1.65075567 1.65075567 1.65075567
 1.65075567 1.65075567 1.56496923 1.56496923 1.65075567 1.65075567
 1.65075567 1.65075567 1.65075567 1.65075567 1.65075567 1.65075567
 1.65075567 1.65075567 1.65075567 1.65075567 1.65075567 1.65075567
 1.65075567 1.65075567 1.65075567 1.65075567 1.65075567 1.65075567
 1.65075567 1.65075567 1.65075567 1.65075567 1.65075567 1.65075567
 1.65075567 1.65075567 1.65075567 1.65075567 1.65075567 1.65075567
 1.65075567 1.65075567 1.65075567 1.65075567 1.65075567 1.65075567
 1.65075567 1.65075567 1.65075567 1.65075567 1.65075567 1.65075567
 1.65075567 1.65075567 1.65075567 1.65075567 1.65075567 1.65075567
 1.65075567 1.65075567 1.65075567 1.65075567 1.65075567 1.65075567
 1.65075567 1.65075567 1.65075567 1.65075567 1.65075567 1.65075567
 1.65075567 1.65075567 1.65075567 1.65075567 1.65075567 1.65075567
 1.65075567 1.65075567 1.65075567 1.65075567 1.65075567 1.65075567
 1.65075567 1.65075567 1.65075567 1.65075567 1.65075567 1.65075567
 1.65075567 1.65075567 1.65075567 1.65075567 1.65075567 1.65075567
 1.65075567 1.65075567 1.65075567 1.65075567 1.65075567 1.65075567
 1.65075567 1.65075567 1.65075567 1.65075567 1.65075567 1.65075567
 1.65075567 1.65075567 1.56496923 1.56496923 1.56496923 1.56496923
 1.65075567 1.65075567 1.65075567 1.65075567 1.65075567 1.65075567
 1.65075567 1.65075567 1.65075567 1.65075567 1.65075567 1.65075567
 1.65075567 1.65075567 1.65075567 1.65075567 1.65075567 1.65075567
 1.65075567 1.65075567 1.65075567 1.65075567 1.65075567 1.65075567
 1.65075567 1.65075567 1.65075567 1.65075567 1.65075567 1.65075567
 1.65075567 1.65075567 1.65075567 1.65075567 1.65075567 1.65075567
 1.65075567 1.65075567 1.65075567 1.65075567 1.65075567 1.65075567
 1.65075567 1.65075567 1.65075567 1.65075567 1.65075567 1.65075567
 1.65075567 1.65075567 1.65075567 1.65075567 1.65075567 1.65075567
 1.65075567 1.65075567 1.65075567 1.65075567 1.65075567 1.65075567
 1.65075567 1.65075567 1.65075567 1.65075567 1.65075567 1.65075567
 1.65075567 1.65075567 1.65075567 1.65075567 1.65075567 1.65075567
 1.65075567 1.65075567 1.65075567 1.65075567 1.65075567 1.65075567
 1.65075567 1.65075567 1.65075567 1.65075567 1.65075567 1.65075567
 1.65075567 1.65075567 1.65075567 1.65075567 1.65075567 1.65075567
 1.65075567 1.65075567 1.65075567 1.65075567 1.65075567 1.65075567
 1.65075567 1.65075567 1.65075567 1.65075567 1.65075567 1.65075567
 1.65075567 1.65075567 1.65075567 1.65075567 1.65075567 1.65075567
 1.65075567 1.65075567 1.65075567 1.65075567 1.65075567 1.65075567
 1.65075567 1.65075567 1.65075567 1.65075567 1.65075567 1.65075567
 1.65075567 1.65075567 1.65075567 1.65075567 1.65075567 1.65075567
 1.65075567 1.65075567 1.65075567 1.65075567 1.65075567 1.65075567
 1.65075567 1.65075567 1.65075567 1.56496923 1.56496923 1.56496923
 1.56496923 1.65075567 1.65075567 1.65075567 1.65075567 1.65075567
 1.65075567 1.65075567 1.65075567] [0.00331697 0.         0.00331697 0.00331697 0.00331697 0.00331697
 0.00331697 0.00331697 0.00331697 0.00331697 0.00331697 0.00331697
 0.00331697 0.00331697 0.00331697 0.00331697 0.00331697 0.00331697
 0.00331697 0.00331697 0.00331697 0.00331697 0.00331697 0.00331697
 0.00331697 0.00331697 0.00331697 0.00331697 0.00331697 0.00331697
 0.00331697 0.00331697 0.00331697 0.00331697 0.00331697 0.00331697
 0.00331697 0.00331697 0.00331697 0.00331697 0.00331697 0.00331697
 0.00331697 0.00331697 0.00331697 0.00331697 0.00331697 0.00331697
 0.00331697 0.00331697 0.00314459 0.00314459 0.00331697 0.00331697
 0.00331697 0.00331697 0.00331697 0.00331697 0.00331697 0.00331697
 0.00331697 0.00331697 0.00331697 0.00331697 0.00331697 0.00331697
 0.00331697 0.00331697 0.00331697 0.00331697 0.00331697 0.00331697
 0.00331697 0.00331697 0.00331697 0.00331697 0.00331697 0.00331697
 0.00331697 0.00331697 0.00331697 0.00331697 0.00331697 0.00331697
 0.00331697 0.00331697 0.00331697 0.00331697 0.00331697 0.00331697
 0.00331697 0.00331697 0.00331697 0.00331697 0.00331697 0.00331697
 0.00331697 0.00331697 0.00331697 0.00331697 0.00331697 0.00331697
 0.00331697 0.00331697 0.00331697 0.00331697 0.00331697 0.00331697
 0.00331697 0.00331697 0.00331697 0.00331697 0.00331697 0.00331697
 0.00331697 0.00331697 0.00331697 0.00331697 0.00331697 0.00331697
 0.00331697 0.00331697 0.00331697 0.00331697 0.00331697 0.00331697
 0.00331697 0.00331697 0.00331697 0.00331697 0.00331697 0.00331697
 0.00331697 0.00331697 0.00331697 0.00331697 0.00331697 0.00331697
 0.00331697 0.00331697 0.00331697 0.00331697 0.00331697 0.00331697
 0.00331697 0.00331697 0.00331697 0.00331697 0.00331697 0.00331697
 0.00331697 0.00331697 0.00314459 0.00314459 0.00314459 0.00314459
 0.00331697 0.00331697 0.00331697 0.00331697 0.00331697 0.00331697
 0.00331697 0.00331697 0.00331697 0.00331697 0.00331697 0.00331697
 0.00331697 0.00331697 0.00331697 0.00331697 0.00331697 0.00331697
 0.00331697 0.00331697 0.00331697 0.00331697 0.00331697 0.00331697
 0.00331697 0.00331697 0.00331697 0.00331697 0.00331697 0.00331697
 0.00331697 0.00331697 0.00331697 0.00331697 0.00331697 0.00331697
 0.00331697 0.00331697 0.00331697 0.00331697 0.00331697 0.00331697
 0.00331697 0.00331697 0.00331697 0.00331697 0.00331697 0.00331697
 0.00331697 0.00331697 0.00331697 0.00331697 0.00331697 0.00331697
 0.00331697 0.00331697 0.00331697 0.00331697 0.00331697 0.00331697
 0.00331697 0.00331697 0.00331697 0.00331697 0.00331697 0.00331697
 0.00331697 0.00331697 0.00331697 0.00331697 0.00331697 0.00331697
 0.00331697 0.00331697 0.00331697 0.00331697 0.00331697 0.00331697
 0.00331697 0.00331697 0.00331697 0.00331697 0.00331697 0.00331697
 0.00331697 0.00331697 0.00331697 0.00331697 0.00331697 0.00331697
 0.00331697 0.00331697 0.00331697 0.00331697 0.00331697 0.00331697
 0.00331697 0.00331697 0.00331697 0.00331697 0.00331697 0.00331697
 0.00331697 0.00331697 0.00331697 0.00331697 0.00331697 0.00331697
 0.00331697 0.00331697 0.00331697 0.00331697 0.00331697 0.00331697
 0.00331697 0.00331697 0.00331697 0.00331697 0.00331697 0.00331697
 0.00331697 0.00331697 0.00331697 0.00331697 0.00331697 0.00331697
 0.00331697 0.00331697 0.00331697 0.00331697 0.00331697 0.00331697
 0.00331697 0.00331697 0.00331697 0.00314459 0.00314459 0.00314459
 0.00314459 0.00331697 0.00331697 0.00331697 0.00331697 0.00331697
 0.00331697 0.00331697 0.00331697]
[207 246  94 241 234 208  87   4 244 157]
