Check term: 0
rl_nxt_state tensor([[[0.0000, 0.0115, 0.0000,  ..., 0.1570, 0.0563, 0.0000],
         [0.0000, 0.0000, 0.0000,  ..., 0.1115, 0.0339, 0.0036],
         [0.0000, 0.0000, 0.0000,  ..., 0.1173, 0.0187, 0.0000],
         ...,
         [0.0000, 0.0000, 0.0000,  ..., 0.2041, 0.0752, 0.0140],
         [0.0000, 0.0000, 0.0000,  ..., 0.1894, 0.0610, 0.0104],
         [0.0000, 0.0000, 0.0000,  ..., 0.1822, 0.0625, 0.0005]],

        [[0.0070, 0.0754, 0.0000,  ..., 0.0526, 0.1004, 0.0000],
         [0.0206, 0.0870, 0.0000,  ..., 0.0786, 0.1390, 0.0018],
         [0.0263, 0.0820, 0.0000,  ..., 0.0996, 0.1541, 0.0000],
         ...,
         [0.0000, 0.1430, 0.0000,  ..., 0.0735, 0.0653, 0.0000],
         [0.0000, 0.1422, 0.0000,  ..., 0.0664, 0.0615, 0.0000],
         [0.0000, 0.1271, 0.0000,  ..., 0.0849, 0.0652, 0.0000]],

        [[0.0000, 0.0000, 0.0000,  ..., 0.0953, 0.0118, 0.0000],
         [0.0000, 0.0000, 0.0000,  ..., 0.0852, 0.0304, 0.0000],
         [0.0000, 0.0000, 0.0000,  ..., 0.0941, 0.0223, 0.0000],
         ...,
         [0.0000, 0.0000, 0.0000,  ..., 0.1408, 0.0660, 0.0000],
         [0.0000, 0.0000, 0.0000,  ..., 0.1342, 0.0560, 0.0000],
         [0.0000, 0.0000, 0.0000,  ..., 0.1222, 0.0422, 0.0000]],

        ...,

        [[0.0451, 0.0000, 0.0000,  ..., 0.1407, 0.0517, 0.0000],
         [0.0000, 0.0000, 0.0000,  ..., 0.1509, 0.0552, 0.0000],
         [0.0112, 0.0000, 0.0000,  ..., 0.1855, 0.0505, 0.0000],
         ...,
         [0.0000, 0.0000, 0.0000,  ..., 0.2027, 0.0971, 0.0068],
         [0.0000, 0.0000, 0.0000,  ..., 0.1881, 0.0838, 0.0020],
         [0.0000, 0.0000, 0.0000,  ..., 0.1790, 0.0895, 0.0000]],

        [[0.0000, 0.0000, 0.0000,  ..., 0.1125, 0.0159, 0.0000],
         [0.0000, 0.0000, 0.0000,  ..., 0.0912, 0.0325, 0.0000],
         [0.0000, 0.0000, 0.0000,  ..., 0.1033, 0.0360, 0.0000],
         ...,
         [0.0000, 0.0236, 0.0000,  ..., 0.1021, 0.0564, 0.0000],
         [0.0180, 0.0022, 0.0000,  ..., 0.1191, 0.0661, 0.0000],
         [0.0397, 0.0000, 0.0000,  ..., 0.1064, 0.0637, 0.0000]],

        [[0.0000, 0.0000, 0.0000,  ..., 0.1189, 0.0459, 0.0000],
         [0.0000, 0.0000, 0.0000,  ..., 0.1107, 0.0287, 0.0000],
         [0.0000, 0.0000, 0.0000,  ..., 0.1107, 0.0287, 0.0000],
         ...,
         [0.0000, 0.0000, 0.0000,  ..., 0.0911, 0.0290, 0.0000],
         [0.0000, 0.0254, 0.0000,  ..., 0.0855, 0.0815, 0.0000],
         [0.0000, 0.0109, 0.0000,  ..., 0.1035, 0.0786, 0.0000]]],
       device='cuda:0', grad_fn=<ReluBackward0>)
rl_nxt_state tensor([[[ 0.0777,  0.1287,  0.0517,  ...,  0.0291, -0.1535, -0.0956],
         [ 0.0651, -0.0528,  0.1964,  ...,  0.0493, -0.0072, -0.1045],
         [ 0.0762, -0.0323,  0.0828,  ...,  0.1159, -0.0764, -0.0566],
         ...,
         [-0.0068,  0.0171,  0.1102,  ...,  0.0855, -0.0673, -0.0050],
         [-0.0007, -0.0162,  0.1328,  ...,  0.0170, -0.0792, -0.1942],
         [-0.0475,  0.0869,  0.2604,  ...,  0.0348,  0.0859, -0.0218]],

        [[-0.0321, -0.0085,  0.0741,  ...,  0.0699,  0.0274, -0.1262],
         [-0.1069,  0.0032,  0.2720,  ...,  0.0535,  0.0491, -0.1009],
         [-0.0803, -0.0080,  0.2003,  ...,  0.0279,  0.0592, -0.1988],
         ...,
         [ 0.0099, -0.1190,  0.1174,  ..., -0.0656,  0.0740, -0.1313],
         [ 0.0212,  0.1219,  0.0590,  ...,  0.0251, -0.0020, -0.1080],
         [ 0.0048,  0.1000,  0.1374,  ...,  0.0075,  0.1036, -0.1388]],

        [[ 0.0315, -0.0111,  0.1251,  ...,  0.1294,  0.0360, -0.1918],
         [-0.0183, -0.0270,  0.1750,  ..., -0.0512,  0.0690, -0.0658],
         [ 0.0803, -0.0257,  0.1053,  ...,  0.0165,  0.0415, -0.1509],
         ...,
         [ 0.0047, -0.0426,  0.0425,  ...,  0.0153,  0.0481, -0.0955],
         [ 0.1022, -0.0205,  0.0781,  ...,  0.0235, -0.0880, -0.1159],
         [-0.1413,  0.0636,  0.2230,  ..., -0.0450,  0.1301, -0.0461]],

        ...,

        [[-0.0471, -0.0325,  0.2100,  ...,  0.0625, -0.0457, -0.0232],
         [ 0.0336,  0.0106,  0.1291,  ...,  0.1743, -0.0372, -0.0688],
         [ 0.0030, -0.0587,  0.0814,  ..., -0.1255,  0.0010, -0.1390],
         ...,
         [ 0.0709,  0.0136,  0.0694,  ..., -0.0318, -0.0708, -0.0682],
         [ 0.0019, -0.0260,  0.2063,  ...,  0.0715,  0.0144, -0.0808],
         [-0.0038, -0.0458,  0.1865,  ...,  0.0140,  0.0882, -0.1678]],

        [[ 0.0628,  0.0984,  0.0711,  ...,  0.0451, -0.0692, -0.0637],
         [ 0.0406, -0.0199,  0.0794,  ...,  0.0560, -0.0258, -0.0335],
         [ 0.0221,  0.1229,  0.0879,  ...,  0.1200,  0.0078, -0.1060],
         ...,
         [ 0.0113, -0.0394,  0.0055,  ..., -0.0093, -0.0033, -0.0909],
         [ 0.1134,  0.0732,  0.0044,  ...,  0.0161, -0.1435, -0.0995],
         [ 0.0597,  0.1464,  0.0860,  ...,  0.0044, -0.0657, -0.0801]],

        [[-0.0157,  0.1237,  0.0904,  ...,  0.1322, -0.0086, -0.0523],
         [ 0.0526,  0.0156,  0.0424,  ...,  0.0394,  0.0260, -0.1062],
         [ 0.0080,  0.1369,  0.1120,  ...,  0.0940, -0.0609, -0.0568],
         ...,
         [ 0.0837, -0.0450,  0.1621,  ...,  0.0904, -0.0662, -0.1337],
         [ 0.0633,  0.0141,  0.1119,  ...,  0.0561,  0.0080, -0.0725],
         [ 0.0782, -0.0204,  0.0989,  ...,  0.0425,  0.0449, -0.1654]]],
       device='cuda:0', grad_fn=<ViewBackward0>)
inverse_loss tensor([[195.6012, 195.6014, 195.6017, 195.6013, 195.6013, 195.6014, 195.6013,
         195.6012, 195.6014, 195.6019, 195.6014, 195.6013, 195.6014, 195.6018,
         195.6014, 195.6015, 195.6014, 195.6013, 195.6015, 195.6013],
        [195.6017, 195.6013, 195.6013, 195.6016, 195.6013, 195.6016, 195.6017,
         195.6013, 195.6014, 195.6015, 195.6014, 195.6016, 195.6015, 195.6013,
         195.6014, 195.6013, 195.6014, 195.6014, 195.6013, 195.6015],
        [195.6017, 195.6013, 195.6014, 195.6019, 195.6015, 195.6014, 195.6014,
         195.6015, 195.6022, 195.6017, 195.6015, 195.6015, 195.6016, 195.6014,
         195.6016, 195.6021, 195.6014, 195.6022, 195.6013, 195.6013],
        [195.6017, 195.6016, 195.6013, 195.6022, 195.6017, 195.6020, 195.6015,
         195.6014, 195.6021, 195.6017, 195.6015, 195.6015, 195.6016, 195.6019,
         195.6021, 195.6019, 195.6015, 195.6019, 195.6017, 195.6015],
        [195.6014, 195.6017, 195.6013, 195.6015, 195.6014, 195.6016, 195.6021,
         195.6013, 195.6016, 195.6014, 195.6014, 195.6014, 195.6018, 195.6014,
         195.6017, 195.6015, 195.6017, 195.6018, 195.6013, 195.6015],
        [195.6014, 195.6015, 195.6013, 195.6019, 195.6017, 195.6017, 195.6013,
         195.6013, 195.6015, 195.6016, 195.6015, 195.6015, 195.6013, 195.6014,
         195.6014, 195.6013, 195.6014, 195.6014, 195.6013, 195.6013],
        [195.6012, 195.6014, 195.6015, 195.6015, 195.6014, 195.6014, 195.6016,
         195.6013, 195.6018, 195.6015, 195.6015, 195.6017, 195.6015, 195.6024,
         195.6013, 195.6013, 195.6012, 195.6012, 195.6013, 195.6014],
        [195.6013, 195.6014, 195.6014, 195.6015, 195.6027, 195.6016, 195.6019,
         195.6014, 195.6018, 195.6015, 195.6016, 195.6016, 195.6020, 195.6015,
         195.6020, 195.6025, 195.6022, 195.6022, 195.6014, 195.6021],
        [195.6016, 195.6016, 195.6014, 195.6016, 195.6017, 195.6014, 195.6014,
         195.6017, 195.6015, 195.6023, 195.6015, 195.6014, 195.6016, 195.6018,
         195.6017, 195.6022, 195.6015, 195.6016, 195.6016, 195.6017],
        [195.6013, 195.6015, 195.6015, 195.6017, 195.6016, 195.6013, 195.6019,
         195.6013, 195.6022, 195.6021, 195.6013, 195.6016, 195.6015, 195.6014,
         195.6015, 195.6016, 195.6013, 195.6016, 195.6013, 195.6017]],
       device='cuda:0', grad_fn=<NegBackward0>)
